7 0.423391 0.472114 0.224841 0.645914
7 0.670444 0.618677 0.180417 0.259403
0 0.386673 0.228923 0.051677 0.154345
0 0.503626 0.228923 0.051677 0.154345
0 0.480054 0.419585 0.051677 0.154345
0 0.409338 0.420882 0.051677 0.154345
0 0.337715 0.382620 0.055304 0.075227
0 0.334089 0.459144 0.055304 0.075227
0 0.368087 0.559663 0.076156 0.073930
0 0.467815 0.562257 0.076156 0.073930
0 0.473255 0.677691 0.076156 0.073930
0 0.394379 0.677691 0.076156 0.073930
0 0.397552 0.773671 0.078876 0.037613
0 0.505893 0.773671 0.054397 0.037613
0 0.324116 0.677691 0.024479 0.073930
0 0.464642 0.773671 0.026292 0.040208
0 0.592022 0.616083 0.029012 0.020752
0 0.593835 0.643320 0.029012 0.020752
0 0.598368 0.665370 0.029012 0.020752
0 0.601995 0.685473 0.030825 0.024643
0 0.611967 0.702335 0.032638 0.022049
0 0.631006 0.717250 0.010879 0.049287
0 0.647779 0.724384 0.013599 0.037613
0 0.665911 0.511673 0.013599 0.037613
0 0.680417 0.512970 0.013599 0.037613
0 0.696736 0.520752 0.013599 0.037613
0 0.712149 0.531128 0.013599 0.037613
0 0.739801 0.589494 0.030825 0.022049
0 0.734361 0.571336 0.030825 0.022049
0 0.730734 0.547990 0.030825 0.022049
2 0.537625 0.397536 0.010879 0.027237
2 0.537171 0.431907 0.011786 0.020752
2 0.590662 0.505188 0.017226 0.029831
2 0.719402 0.670558 0.038985 0.057069
2 0.537171 0.726329 0.011786 0.038911
2 0.312330 0.778210 0.015413 0.038911
3 0.311877 0.779507 0.012693 0.041505
3 0.537171 0.727626 0.009973 0.041505
3 0.537171 0.430610 0.011786 0.023346
3 0.538985 0.396239 0.011786 0.022049
3 0.590662 0.507134 0.020852 0.036316
3 0.719855 0.673152 0.041704 0.057069
