7 0.423797 0.683648 0.416221 0.220126
0 0.228164 0.630189 0.019608 0.027673
0 0.227273 0.659748 0.021390 0.033962
0 0.227273 0.689937 0.021390 0.033962
0 0.247772 0.586792 0.021390 0.033962
0 0.268271 0.588050 0.021390 0.033962
0 0.287879 0.589308 0.021390 0.033962
0 0.352941 0.588050 0.021390 0.033962
0 0.306595 0.638365 0.021390 0.033962
0 0.347594 0.671069 0.021390 0.033962
0 0.409091 0.772956 0.021390 0.033962
0 0.429590 0.772956 0.023173 0.033962
0 0.450089 0.772956 0.023173 0.033962
0 0.514260 0.774214 0.023173 0.033962
0 0.533868 0.774214 0.023173 0.033962
0 0.554367 0.774214 0.023173 0.033962
0 0.575758 0.774214 0.023173 0.033962
0 0.598039 0.774214 0.023173 0.033962
0 0.618538 0.745283 0.023173 0.033962
0 0.618538 0.716352 0.023173 0.033962
0 0.619430 0.686164 0.023173 0.033962
0 0.618538 0.655975 0.023173 0.033962
0 0.618538 0.625786 0.023173 0.033962
0 0.597148 0.590566 0.023173 0.033962
0 0.576649 0.590566 0.023173 0.033962
0 0.556150 0.589308 0.023173 0.033962
0 0.557932 0.722642 0.042781 0.028931
0 0.496435 0.722642 0.042781 0.028931
0 0.437611 0.721384 0.042781 0.028931
0 0.377005 0.721384 0.042781 0.028931
0 0.483066 0.774214 0.042781 0.028931
0 0.377897 0.774214 0.042781 0.028931
0 0.496435 0.672327 0.042781 0.028931
0 0.539216 0.669811 0.042781 0.028931
0 0.537433 0.640881 0.042781 0.028931
0 0.494652 0.640881 0.042781 0.028931
0 0.452763 0.638365 0.042781 0.028931
0 0.454545 0.669811 0.042781 0.028931
0 0.381462 0.638365 0.042781 0.028931
0 0.380570 0.668553 0.042781 0.028931
0 0.338681 0.638365 0.042781 0.028931
0 0.316399 0.669811 0.042781 0.028931
0 0.274510 0.668553 0.042781 0.028931
0 0.275401 0.638365 0.042781 0.028931
0 0.320856 0.588050 0.042781 0.028931
0 0.481283 0.589308 0.042781 0.028931
0 0.524955 0.589308 0.042781 0.028931
0 0.568627 0.654088 0.021390 0.060377
3 0.413102 0.574843 0.077540 0.027673
2 0.411319 0.572327 0.077540 0.027673
