7 0.516667 0.571429 0.897101 0.781250
1 0.102899 0.574777 0.069565 0.180804
0 0.100000 0.733259 0.034783 0.100446
0 0.100000 0.405134 0.034783 0.100446
0 0.723188 0.386161 0.028986 0.089286
0 0.724638 0.488839 0.028986 0.089286
0 0.724638 0.645089 0.028986 0.089286
0 0.724638 0.745536 0.028986 0.089286
0 0.623188 0.761161 0.063768 0.058036
0 0.537681 0.765625 0.063768 0.058036
0 0.363768 0.763393 0.063768 0.058036
0 0.447826 0.761161 0.063768 0.058036
0 0.276812 0.761161 0.063768 0.058036
0 0.188406 0.763393 0.063768 0.058036
0 0.185507 0.375000 0.063768 0.058036
0 0.275362 0.370536 0.063768 0.058036
0 0.362319 0.370536 0.063768 0.058036
0 0.450725 0.372768 0.063768 0.058036
0 0.534783 0.375000 0.063768 0.058036
0 0.623188 0.375000 0.063768 0.058036
0 0.865217 0.506696 0.063768 0.058036
3 0.768841 0.572545 0.018841 0.140625
2 0.765942 0.568080 0.018841 0.140625
4 0.815942 0.737723 0.113043 0.109375
4 0.921014 0.739955 0.094203 0.122768
0 0.793478 0.426339 0.071014 0.080357
0 0.897826 0.421875 0.131884 0.075893
6 0.229710 0.530134 0.030435 0.051339
6 0.228261 0.603795 0.030435 0.051339
6 0.281159 0.656250 0.031884 0.058036
6 0.281159 0.580357 0.031884 0.058036
6 0.282609 0.500000 0.031884 0.058036
6 0.305797 0.435268 0.031884 0.058036
6 0.333333 0.497768 0.031884 0.058036
6 0.334783 0.580357 0.031884 0.058036
6 0.334783 0.656250 0.031884 0.058036
6 0.360870 0.725446 0.031884 0.058036
6 0.384058 0.654018 0.031884 0.058036
6 0.384058 0.580357 0.031884 0.058036
6 0.384058 0.497768 0.031884 0.058036
6 0.356522 0.435268 0.031884 0.058036
6 0.446377 0.497768 0.031884 0.058036
6 0.449275 0.580357 0.031884 0.058036
6 0.447826 0.656250 0.031884 0.058036
6 0.473913 0.720982 0.031884 0.058036
6 0.526087 0.720982 0.031884 0.058036
6 0.501449 0.654018 0.031884 0.058036
6 0.501449 0.580357 0.031884 0.058036
6 0.502899 0.495536 0.031884 0.058036
6 0.472464 0.437500 0.031884 0.058036
6 0.524638 0.435268 0.031884 0.058036
6 0.549275 0.500000 0.031884 0.058036
6 0.549275 0.580357 0.031884 0.058036
6 0.550725 0.654018 0.031884 0.058036
6 0.594203 0.602679 0.031884 0.058036
6 0.594203 0.524554 0.031884 0.058036
6 0.640580 0.498884 0.040580 0.060268
6 0.639130 0.579241 0.040580 0.060268
6 0.639130 0.655134 0.040580 0.060268
