7 0.496173 0.504414 0.982143 0.854981
3 0.792092 0.933796 0.045918 0.036570
2 0.841199 0.934426 0.044643 0.042875
6 0.158801 0.206179 0.202806 0.190416
6 0.463648 0.513241 0.136480 0.133670
0 0.092474 0.367591 0.065051 0.069357
0 0.092474 0.489281 0.067602 0.138714
0 0.091199 0.679697 0.067602 0.204288
0 0.295918 0.211223 0.068878 0.071879
0 0.260842 0.333544 0.141582 0.071879
0 0.225128 0.477932 0.072704 0.068096
0 0.296556 0.477932 0.072704 0.068096
0 0.294005 0.543506 0.072704 0.068096
0 0.225128 0.546028 0.072704 0.068096
0 0.222577 0.680958 0.072704 0.068096
0 0.294005 0.679697 0.072704 0.068096
0 0.260842 0.747163 0.139031 0.066835
0 0.159439 0.881463 0.068878 0.068096
0 0.225765 0.878941 0.068878 0.068096
0 0.316327 0.882724 0.068878 0.068096
0 0.385204 0.881463 0.068878 0.068096
0 0.431122 0.747793 0.068878 0.068096
0 0.500000 0.749054 0.068878 0.068096
0 0.500000 0.679697 0.068878 0.068096
0 0.431122 0.679697 0.068878 0.068096
0 0.429847 0.332913 0.068878 0.068096
0 0.431122 0.263556 0.068878 0.068096
0 0.520408 0.143758 0.068878 0.068096
0 0.397321 0.141236 0.133929 0.065574
0 0.735332 0.139344 0.274235 0.071879
0 0.699617 0.542875 0.207908 0.069357
0 0.510842 0.882724 0.136480 0.070618
0 0.667730 0.880202 0.136480 0.070618
0 0.905612 0.836066 0.066327 0.070618
0 0.904337 0.204288 0.066327 0.070618
0 0.770408 0.264817 0.066327 0.070618
0 0.701531 0.266078 0.066327 0.070618
0 0.700255 0.331652 0.066327 0.070618
0 0.770408 0.331652 0.066327 0.070618
0 0.632015 0.299496 0.070153 0.137453
0 0.906250 0.377049 0.070153 0.274905
0 0.907526 0.648172 0.070153 0.274905
0 0.632653 0.477932 0.071429 0.065574
0 0.702806 0.476671 0.071429 0.065574
0 0.771684 0.474149 0.071429 0.065574
0 0.700255 0.712484 0.204082 0.136192
