7 0.500000 0.529834 0.955556 0.856354
4 0.670486 0.098895 0.038194 0.054144
5 0.128472 0.283425 0.137500 0.241989
0 0.135069 0.641436 0.152083 0.144751
0 0.136806 0.829834 0.154167 0.121547
0 0.372569 0.809945 0.161806 0.159116
0 0.589236 0.823204 0.193750 0.110497
0 0.793056 0.909392 0.111111 0.028729
1 0.306250 0.203315 0.113889 0.077348
0 0.452778 0.202210 0.061111 0.072928
0 0.509028 0.203315 0.045833 0.075138
0 0.559028 0.202210 0.045833 0.075138
0 0.606944 0.200000 0.045833 0.075138
0 0.654861 0.201105 0.045833 0.075138
0 0.735417 0.201105 0.045833 0.075138
0 0.780556 0.202210 0.045833 0.075138
0 0.828472 0.202210 0.045833 0.075138
0 0.873611 0.203315 0.045833 0.075138
0 0.934375 0.870718 0.028472 0.059669
3 0.252083 0.939227 0.075000 0.041989
2 0.250694 0.937017 0.075000 0.041989
0 0.934375 0.798343 0.025694 0.034254
0 0.935069 0.756354 0.025694 0.034254
0 0.933681 0.715470 0.025694 0.034254
0 0.934375 0.673481 0.025694 0.034254
0 0.933681 0.634807 0.025694 0.034254
0 0.934375 0.592818 0.025694 0.034254
0 0.934375 0.509945 0.025694 0.034254
0 0.932292 0.548619 0.025694 0.034254
0 0.933681 0.467403 0.027083 0.033149
0 0.935069 0.425414 0.027083 0.033149
0 0.934375 0.385635 0.027083 0.033149
0 0.933681 0.342541 0.027083 0.033149
0 0.934375 0.302762 0.027083 0.033149
0 0.934375 0.262983 0.027083 0.033149
0 0.074306 0.473481 0.029167 0.038674
0 0.074306 0.518785 0.029167 0.038674
0 0.104861 0.517680 0.029167 0.038674
0 0.106250 0.476796 0.029167 0.038674
0 0.135417 0.477901 0.029167 0.038674
0 0.136806 0.515470 0.029167 0.038674
0 0.168056 0.517680 0.029167 0.038674
0 0.167361 0.476796 0.029167 0.038674
0 0.196528 0.474586 0.029167 0.038674
0 0.198611 0.515470 0.029167 0.038674
0 0.538889 0.309945 0.029167 0.038674
0 0.572222 0.312155 0.029167 0.038674
0 0.604167 0.313260 0.029167 0.038674
0 0.636806 0.311602 0.030556 0.041989
0 0.668750 0.311602 0.030556 0.041989
0 0.306250 0.386188 0.029167 0.038674
0 0.308333 0.424862 0.029167 0.038674
0 0.336806 0.423757 0.029167 0.038674
0 0.337153 0.386188 0.032639 0.038674
0 0.367708 0.385083 0.032639 0.038674
0 0.368403 0.428177 0.032639 0.038674
0 0.398264 0.425967 0.032639 0.038674
0 0.399653 0.386188 0.032639 0.038674
0 0.430208 0.383978 0.032639 0.038674
0 0.429514 0.425967 0.032639 0.038674
0 0.460069 0.425967 0.032639 0.038674
0 0.461458 0.383978 0.032639 0.038674
0 0.307639 0.507735 0.029167 0.034254
0 0.307639 0.546409 0.029167 0.034254
0 0.338889 0.545304 0.029167 0.034254
0 0.338194 0.507735 0.029167 0.034254
0 0.368056 0.505525 0.029167 0.034254
0 0.369444 0.547514 0.029167 0.034254
0 0.400347 0.548619 0.031250 0.036464
0 0.398958 0.508840 0.031250 0.036464
0 0.428125 0.504420 0.031250 0.036464
0 0.430903 0.548619 0.031250 0.036464
0 0.460069 0.548619 0.031250 0.036464
0 0.460069 0.505525 0.031250 0.036464
0 0.518403 0.382873 0.031250 0.036464
0 0.548958 0.383978 0.031250 0.040884
0 0.579514 0.382873 0.031250 0.040884
0 0.612153 0.383978 0.031250 0.040884
0 0.641319 0.383978 0.031250 0.040884
0 0.672569 0.385083 0.031250 0.040884
0 0.518403 0.425967 0.031250 0.040884
0 0.549653 0.425967 0.031250 0.040884
0 0.580208 0.425967 0.031250 0.040884
0 0.611458 0.428177 0.031250 0.040884
0 0.641319 0.427072 0.031250 0.040884
0 0.671875 0.424862 0.031250 0.040884
0 0.518403 0.507735 0.031250 0.040884
0 0.519097 0.549724 0.031250 0.040884
0 0.518403 0.620442 0.031250 0.040884
0 0.519097 0.665746 0.031250 0.040884
0 0.549653 0.663536 0.031250 0.040884
0 0.551736 0.624862 0.031250 0.040884
0 0.551042 0.551934 0.031250 0.040884
0 0.549653 0.505525 0.031250 0.040884
0 0.580903 0.506630 0.031250 0.040884
0 0.579514 0.549724 0.031250 0.040884
0 0.581597 0.622652 0.031250 0.040884
0 0.580208 0.664641 0.031250 0.040884
0 0.611458 0.666851 0.031250 0.040884
0 0.642708 0.664641 0.031250 0.040884
0 0.671875 0.665746 0.031250 0.040884
0 0.673264 0.623757 0.031250 0.040884
0 0.642708 0.622652 0.031250 0.040884
0 0.610764 0.624862 0.031250 0.040884
0 0.612847 0.550829 0.031250 0.040884
0 0.611458 0.505525 0.031250 0.040884
0 0.642708 0.507735 0.031250 0.040884
0 0.673958 0.506630 0.031250 0.040884
0 0.726736 0.383978 0.031250 0.040884
0 0.728819 0.425967 0.031250 0.040884
0 0.762153 0.427072 0.031250 0.040884
0 0.759375 0.383978 0.031250 0.040884
0 0.792361 0.425414 0.030556 0.041989
0 0.792361 0.383425 0.030556 0.041989
0 0.826389 0.384530 0.030556 0.041989
0 0.825000 0.427624 0.030556 0.041989
0 0.857639 0.425414 0.030556 0.041989
0 0.856944 0.384530 0.030556 0.041989
0 0.727778 0.506077 0.030556 0.041989
0 0.727778 0.549171 0.030556 0.041989
0 0.759028 0.506077 0.030556 0.041989
0 0.760417 0.550276 0.030556 0.041989
0 0.791667 0.550276 0.030556 0.041989
0 0.792361 0.507182 0.030556 0.041989
0 0.825000 0.507182 0.030556 0.041989
0 0.823611 0.551381 0.030556 0.041989
0 0.856944 0.548066 0.030556 0.041989
0 0.856944 0.508287 0.030556 0.041989
0 0.728472 0.624309 0.030556 0.041989
0 0.727083 0.661878 0.030556 0.041989
0 0.761111 0.666298 0.030556 0.041989
0 0.760417 0.620994 0.030556 0.041989
0 0.793056 0.623204 0.027778 0.041989
0 0.793056 0.662983 0.027778 0.041989
0 0.827083 0.622099 0.027778 0.041989
0 0.824306 0.665193 0.027778 0.041989
0 0.856944 0.623204 0.027778 0.041989
0 0.855556 0.664088 0.027778 0.041989
0 0.729167 0.749171 0.027778 0.041989
0 0.727778 0.787845 0.027778 0.041989
0 0.763194 0.791160 0.027778 0.041989
0 0.761111 0.746961 0.027778 0.041989
0 0.792361 0.749171 0.027778 0.041989
0 0.793056 0.792265 0.027778 0.041989
0 0.825694 0.790055 0.027778 0.041989
0 0.824306 0.748066 0.027778 0.041989
0 0.857639 0.749171 0.027778 0.041989
0 0.858333 0.792265 0.027778 0.041989
0 0.668056 0.746961 0.027778 0.041989
0 0.634722 0.745856 0.030556 0.041989
0 0.540278 0.746961 0.030556 0.041989
0 0.590625 0.749171 0.061806 0.039779
