7 0.550000 0.344762 0.834667 0.592381
4 0.557000 0.622857 0.056667 0.026667
4 0.149667 0.565714 0.023333 0.028571
4 0.300333 0.070476 0.060667 0.030476
4 0.933333 0.110952 0.022667 0.029524
2 0.709333 0.085238 0.033333 0.063810
2 0.709333 0.607143 0.033333 0.063810
3 0.708000 0.605238 0.033333 0.063810
3 0.710667 0.090000 0.033333 0.063810
0 0.805000 0.208571 0.028667 0.040000
0 0.739667 0.197619 0.012667 0.016190
0 0.754333 0.197143 0.014000 0.017143
0 0.769000 0.197143 0.014000 0.017143
0 0.783000 0.197143 0.014000 0.017143
0 0.813000 0.256190 0.014000 0.017143
0 0.813000 0.276190 0.014000 0.017143
0 0.813667 0.303810 0.014000 0.017143
0 0.813000 0.323810 0.014000 0.017143
0 0.860333 0.360952 0.014000 0.017143
0 0.858000 0.385238 0.012000 0.010476
0 0.814667 0.360000 0.012000 0.017143
0 0.799667 0.359048 0.015333 0.019048
0 0.779667 0.360000 0.015333 0.019048
0 0.762333 0.422857 0.015333 0.019048
0 0.776333 0.422857 0.015333 0.019048
0 0.747000 0.477143 0.015333 0.019048
0 0.762667 0.477143 0.013333 0.017143
0 0.776000 0.478571 0.014667 0.020000
0 0.790667 0.477619 0.014667 0.020000
0 0.804667 0.477143 0.014667 0.019048
0 0.817333 0.478095 0.014667 0.019048
0 0.832000 0.478095 0.014667 0.019048
0 0.741333 0.533810 0.020000 0.027619
0 0.736667 0.567143 0.012000 0.016190
0 0.743667 0.504762 0.011333 0.015238
0 0.767667 0.404762 0.035333 0.057143
0 0.807000 0.404286 0.027333 0.058095
0 0.838667 0.370952 0.026667 0.037143
0 0.777000 0.266667 0.055333 0.040000
0 0.777667 0.314286 0.054000 0.038095
0 0.678333 0.321429 0.015333 0.159048
0 0.723333 0.260000 0.018667 0.028571
0 0.723333 0.403333 0.020000 0.027619
0 0.665667 0.474286 0.012667 0.019048
0 0.650333 0.473333 0.015333 0.020952
0 0.636333 0.474286 0.015333 0.020952
0 0.607667 0.475238 0.015333 0.020952
0 0.592667 0.474286 0.014667 0.019048
0 0.578667 0.473333 0.014667 0.019048
0 0.564000 0.474286 0.014667 0.019048
0 0.550667 0.473810 0.013333 0.018095
0 0.536000 0.473810 0.013333 0.018095
0 0.521333 0.473810 0.013333 0.018095
0 0.506667 0.473810 0.013333 0.018095
0 0.492667 0.473810 0.013333 0.018095
0 0.478667 0.473810 0.013333 0.018095
0 0.464000 0.473810 0.013333 0.018095
0 0.450000 0.473810 0.013333 0.018095
0 0.435333 0.473810 0.013333 0.018095
0 0.421333 0.473810 0.014667 0.020000
0 0.407333 0.473810 0.014667 0.020000
0 0.393333 0.472857 0.014667 0.020000
0 0.379333 0.472857 0.014667 0.020000
0 0.366667 0.473810 0.014667 0.020000
0 0.352667 0.473810 0.014667 0.020000
0 0.339333 0.473810 0.014667 0.020000
0 0.325333 0.473810 0.014667 0.020000
0 0.312000 0.474762 0.014667 0.020000
0 0.392667 0.382857 0.017333 0.024762
0 0.536000 0.450476 0.017333 0.024762
0 0.485667 0.454286 0.027333 0.017143
0 0.423000 0.306190 0.020667 0.023810
0 0.397667 0.194762 0.018000 0.021905
6 0.490667 0.285238 0.082667 0.079048
5 0.260000 0.430476 0.057333 0.053333
6 0.490667 0.331429 0.082667 0.013333
0 0.261333 0.359524 0.013333 0.018095
0 0.261333 0.380476 0.013333 0.018095
0 0.275333 0.380476 0.013333 0.018095
0 0.276000 0.359524 0.013333 0.018095
0 0.290667 0.358571 0.013333 0.018095
0 0.289333 0.380476 0.013333 0.018095
0 0.304333 0.380476 0.014000 0.018095
0 0.304333 0.359524 0.014000 0.018095
0 0.319000 0.359524 0.014000 0.018095
0 0.318333 0.380476 0.014000 0.018095
0 0.333000 0.379524 0.014000 0.018095
0 0.333000 0.359524 0.014000 0.018095
0 0.347000 0.359524 0.014000 0.018095
0 0.347000 0.379524 0.014000 0.018095
0 0.361667 0.379524 0.014000 0.018095
0 0.361667 0.359524 0.014000 0.018095
0 0.376333 0.359524 0.014000 0.018095
0 0.375667 0.380476 0.014000 0.018095
0 0.390333 0.359524 0.014000 0.018095
0 0.405000 0.307143 0.014000 0.018095
0 0.390333 0.308095 0.014000 0.018095
0 0.376333 0.307143 0.014000 0.018095
0 0.362333 0.308095 0.014000 0.018095
0 0.347000 0.308095 0.014000 0.018095
0 0.333000 0.308095 0.014000 0.018095
0 0.318333 0.308095 0.014000 0.018095
0 0.304333 0.308095 0.014000 0.018095
0 0.289667 0.308095 0.014000 0.018095
0 0.275667 0.307143 0.014000 0.018095
0 0.261667 0.307143 0.014000 0.018095
0 0.261000 0.282381 0.014000 0.018095
0 0.276333 0.281429 0.014000 0.018095
0 0.187667 0.365238 0.014000 0.018095
0 0.290000 0.280952 0.013333 0.020952
0 0.304667 0.280000 0.013333 0.020952
0 0.319333 0.280000 0.013333 0.020952
0 0.333333 0.280000 0.013333 0.020952
0 0.347333 0.280952 0.013333 0.020952
0 0.361333 0.281905 0.013333 0.020952
0 0.376000 0.281905 0.014667 0.020952
0 0.390667 0.280952 0.014667 0.020952
0 0.406000 0.277143 0.014667 0.013333
0 0.239667 0.196190 0.019333 0.022857
0 0.272333 0.195238 0.019333 0.022857
0 0.305000 0.195238 0.019333 0.022857
0 0.329333 0.207619 0.032000 0.041905
0 0.353667 0.196667 0.012667 0.020000
0 0.367000 0.196667 0.012667 0.020000
0 0.381667 0.195714 0.012667 0.020000
0 0.415667 0.196667 0.012667 0.020000
0 0.433667 0.196667 0.012667 0.020000
0 0.448333 0.194762 0.012667 0.020000
0 0.367333 0.215238 0.013333 0.011429
0 0.457000 0.361429 0.012667 0.020000
0 0.471667 0.361429 0.012667 0.020000
0 0.485667 0.360476 0.014000 0.020000
0 0.499667 0.360476 0.014000 0.020000
0 0.514333 0.361429 0.014000 0.020000
0 0.529667 0.360476 0.014000 0.020000
0 0.542333 0.196667 0.014000 0.020000
0 0.560333 0.196667 0.014000 0.020000
0 0.575000 0.197619 0.014000 0.020000
0 0.585667 0.370952 0.014000 0.020000
0 0.586333 0.390952 0.014000 0.020000
0 0.601000 0.390000 0.014000 0.020000
0 0.600333 0.370000 0.014000 0.020000
0 0.615000 0.370000 0.014000 0.020000
0 0.615667 0.390000 0.014000 0.020000
0 0.589667 0.292857 0.014000 0.020000
0 0.605000 0.293810 0.014000 0.020000
0 0.618333 0.293810 0.014000 0.020000
0 0.605333 0.292381 0.077333 0.070476
1 0.493333 0.210000 0.046667 0.044762
0 0.613000 0.209524 0.054000 0.038095
0 0.649000 0.198095 0.012667 0.019048
0 0.683000 0.140000 0.014000 0.019048
0 0.494667 0.141429 0.030667 0.029524
