7 0.496002 0.329335 0.933923 0.634683
3 0.967593 0.127686 0.009259 0.046477
2 0.966751 0.551724 0.014310 0.049975
0 0.261995 0.173163 0.035774 0.044478
0 0.300295 0.172164 0.035774 0.044478
0 0.298190 0.217641 0.035774 0.044478
0 0.261574 0.216642 0.035774 0.044478
0 0.185816 0.313593 0.035774 0.044478
0 0.222433 0.312594 0.035774 0.044478
0 0.260732 0.315092 0.035774 0.044478
0 0.299874 0.311594 0.035774 0.044478
0 0.299032 0.356572 0.035774 0.044478
0 0.262416 0.357571 0.035774 0.044478
0 0.204125 0.360070 0.075758 0.051474
0 0.203283 0.455522 0.075758 0.051474
0 0.204125 0.501000 0.075758 0.051474
0 0.392677 0.501249 0.074074 0.046977
0 0.391835 0.453773 0.074074 0.046977
0 0.467593 0.456272 0.074074 0.046977
0 0.468434 0.501749 0.074074 0.046977
0 0.695286 0.595202 0.074074 0.046977
0 0.769360 0.594203 0.074074 0.046977
0 0.243476 0.592704 0.151094 0.048976
0 0.317551 0.078961 0.151094 0.048976
0 0.431397 0.080960 0.074074 0.046977
0 0.544613 0.078461 0.074074 0.046977
0 0.619949 0.079460 0.074074 0.046977
0 0.695707 0.080460 0.074074 0.046977
0 0.769781 0.079460 0.074074 0.046977
0 0.865109 0.079710 0.114057 0.049475
0 0.259891 0.454523 0.035774 0.044478
0 0.298190 0.453523 0.035774 0.044478
0 0.262837 0.502499 0.035774 0.044478
0 0.300715 0.497501 0.035774 0.044478
0 0.335648 0.590955 0.035774 0.044478
0 0.373948 0.591954 0.035774 0.044478
0 0.413931 0.590955 0.035774 0.044478
0 0.450547 0.591454 0.035774 0.044478
0 0.524621 0.593953 0.035774 0.044478
0 0.562500 0.590955 0.035774 0.044478
0 0.600800 0.591954 0.035774 0.044478
0 0.638678 0.590955 0.035774 0.044478
0 0.528830 0.502999 0.035774 0.044478
0 0.526305 0.454023 0.035774 0.044478
0 0.149621 0.591454 0.035774 0.044478
0 0.220749 0.079710 0.035774 0.044478
0 0.188763 0.078711 0.035774 0.044478
0 0.148779 0.076212 0.035774 0.044478
0 0.112374 0.157671 0.036195 0.090455
0 0.111532 0.247626 0.036195 0.090455
0 0.110690 0.337581 0.036195 0.090455
0 0.109848 0.425537 0.036195 0.090455
0 0.110690 0.513493 0.036195 0.090455
0 0.393308 0.196902 0.072811 0.088956
0 0.618476 0.195902 0.072811 0.088956
0 0.619318 0.335332 0.072811 0.088956
0 0.616793 0.474763 0.072811 0.088956
0 0.826389 0.591954 0.035774 0.044478
0 0.864689 0.592954 0.035774 0.044478
0 0.901305 0.591954 0.035774 0.044478
2 0.489689 0.645177 0.039141 0.014993
2 0.487163 0.012994 0.039141 0.014993
0 0.450126 0.337831 0.183923 0.088956
0 0.787668 0.336832 0.183923 0.088956
0 0.786827 0.476762 0.183923 0.088956
0 0.807239 0.197401 0.147306 0.087956
0 0.711700 0.195652 0.036195 0.090455
0 0.449285 0.171164 0.035774 0.044478
0 0.448443 0.218141 0.035774 0.044478
0 0.486322 0.215642 0.035774 0.044478
0 0.524621 0.218141 0.035774 0.044478
0 0.487584 0.172664 0.035774 0.044478
0 0.525463 0.171664 0.035774 0.044478
