7 0.138084 0.224843 0.135582 0.381955
7 0.451321 0.293541 0.400334 0.519352
7 0.813558 0.294146 0.238969 0.520561
6 0.797268 0.179487 0.112494 0.081277
6 0.750385 0.266691 0.018214 0.037010
6 0.773281 0.267296 0.020395 0.037252
6 0.796883 0.267296 0.019112 0.037252
6 0.820741 0.266328 0.019369 0.035317
6 0.843445 0.266691 0.018086 0.037010
6 0.749872 0.330068 0.018471 0.038462
6 0.773730 0.328737 0.018728 0.035801
6 0.796947 0.328737 0.018471 0.037252
6 0.820485 0.328374 0.019369 0.036526
6 0.843830 0.328737 0.018086 0.035801
0 0.856978 0.420537 0.018728 0.036043
0 0.751154 0.421142 0.021036 0.037252
0 0.872242 0.135825 0.017701 0.036043
1 0.797589 0.076560 0.113905 0.056362
0 0.708120 0.107281 0.013212 0.040881
0 0.706003 0.289913 0.011544 0.093614
0 0.716842 0.530358 0.031939 0.024915
0 0.751860 0.529028 0.033479 0.024673
0 0.786878 0.528786 0.033222 0.024190
0 0.820421 0.529028 0.033864 0.028544
0 0.864225 0.527213 0.049641 0.034591
0 0.913994 0.372521 0.021678 0.092404
0 0.907773 0.309265 0.031555 0.025399
0 0.908094 0.277818 0.032966 0.021045
0 0.908286 0.248065 0.032581 0.024915
0 0.908543 0.217465 0.032581 0.026609
0 0.908286 0.187591 0.032581 0.025399
0 0.091265 0.297170 0.029374 0.205854
0 0.091778 0.168481 0.033479 0.022980
0 0.193881 0.137276 0.010903 0.091195
4 0.182722 0.378931 0.031939 0.040881
0 0.334338 0.062046 0.031939 0.025883
0 0.368651 0.062046 0.031555 0.024915
0 0.403733 0.061805 0.032453 0.025399
0 0.437917 0.061442 0.031298 0.024673
0 0.473127 0.061079 0.032453 0.022980
0 0.274307 0.091558 0.032966 0.027818
0 0.275013 0.121311 0.031555 0.025399
0 0.274820 0.151306 0.031939 0.022496
0 0.274628 0.274432 0.031555 0.022980
0 0.274628 0.303580 0.032324 0.028060
0 0.274500 0.334664 0.033864 0.022980
0 0.275269 0.364417 0.032837 0.026851
0 0.274949 0.394170 0.032196 0.022980
0 0.274628 0.424891 0.032324 0.025883
0 0.275334 0.454886 0.032196 0.025399
0 0.274500 0.485002 0.032581 0.023706
0 0.312147 0.527818 0.032966 0.024673
0 0.347358 0.529632 0.031555 0.027334
0 0.381670 0.530600 0.031170 0.026851
0 0.416752 0.529390 0.031555 0.027818
0 0.450616 0.529632 0.031555 0.024915
0 0.484928 0.529390 0.031939 0.027818
0 0.519818 0.529028 0.031939 0.028544
0 0.554066 0.529995 0.031939 0.025641
0 0.587801 0.529269 0.030913 0.024190
0 0.617047 0.474117 0.032196 0.024190
0 0.617368 0.443759 0.032837 0.027818
0 0.617624 0.414973 0.031555 0.027334
0 0.617689 0.350145 0.032966 0.029269
0 0.617817 0.319424 0.033222 0.027334
0 0.617689 0.288703 0.032196 0.026851
0 0.617689 0.259918 0.033479 0.025883
0 0.617304 0.178882 0.032196 0.027818
0 0.617047 0.146710 0.032196 0.027818
0 0.617047 0.116473 0.032196 0.027818
0 0.617432 0.088171 0.032196 0.027818
0 0.423486 0.129294 0.032196 0.027818
0 0.423615 0.159289 0.032196 0.027818
0 0.423358 0.190493 0.032196 0.027818
0 0.423102 0.220489 0.032196 0.027818
0 0.423230 0.250968 0.032196 0.027818
0 0.422973 0.279511 0.032196 0.027818
0 0.423358 0.311925 0.032196 0.027818
0 0.422845 0.339985 0.032196 0.027818
0 0.423615 0.371190 0.032196 0.027818
0 0.423615 0.400460 0.032196 0.027818
0 0.423358 0.431664 0.032196 0.027818
0 0.388982 0.129052 0.032196 0.027818
0 0.389623 0.159773 0.032196 0.027818
0 0.387955 0.190493 0.032196 0.027818
0 0.388340 0.221456 0.032196 0.027818
0 0.388853 0.250000 0.032196 0.027818
0 0.388853 0.279269 0.032196 0.027818
0 0.388340 0.310474 0.032196 0.027818
0 0.388468 0.339744 0.032196 0.027818
0 0.388468 0.370223 0.032196 0.027818
0 0.389238 0.399976 0.032196 0.027818
0 0.388340 0.429971 0.032196 0.027818
0 0.406042 0.460571 0.067342 0.028060
2 0.917137 0.523343 0.028989 0.069908
3 0.916880 0.522859 0.028989 0.069908
2 0.252181 0.215167 0.011544 0.047170
2 0.205362 0.215893 0.011544 0.047170
2 0.649307 0.376996 0.011544 0.047170
2 0.693561 0.379173 0.011544 0.047170
3 0.205105 0.215409 0.011544 0.047170
3 0.250128 0.212264 0.011544 0.047170
3 0.649564 0.379898 0.011544 0.047170
3 0.693817 0.380866 0.011544 0.047170
