0 0.644000 0.887292 0.027833 0.064583
0 0.609833 0.887292 0.027833 0.064583
0 0.575917 0.887292 0.027833 0.064583
0 0.541750 0.887292 0.027833 0.064583
0 0.507917 0.887292 0.027833 0.064583
0 0.425500 0.886875 0.038250 0.085000
0 0.269333 0.861875 0.054417 0.115417
0 0.482583 0.750833 0.036750 0.161667
0 0.729583 0.727292 0.024333 0.160000
0 0.678000 0.535208 0.026917 0.169167
0 0.482583 0.531042 0.036750 0.160833
0 0.253167 0.436250 0.012667 0.115417
0 0.268667 0.435417 0.012667 0.115417
0 0.154250 0.405833 0.083250 0.071250
0 0.136750 0.333750 0.082917 0.042500
0 0.162000 0.249583 0.024083 0.078958
0 0.131000 0.249583 0.024083 0.078958
0 0.100333 0.249583 0.024083 0.078958
0 0.069333 0.249583 0.024083 0.078958
0 0.735917 0.255208 0.041417 0.102500
0 0.529250 0.189583 0.023750 0.103125
0 0.501750 0.189583 0.023750 0.103125
0 0.162000 0.159375 0.024083 0.078958
0 0.131000 0.159375 0.024083 0.078958
0 0.100333 0.159375 0.024083 0.078958
0 0.069333 0.159375 0.024083 0.078958
1 0.414417 0.773958 0.075000 0.124375
1 0.414417 0.646042 0.075000 0.123750
1 0.260167 0.634583 0.050667 0.217708
1 0.414417 0.508750 0.075000 0.123750
1 0.876083 0.532292 0.175000 0.598542
1 0.339250 0.258750 0.179750 0.103125
1 0.339250 0.139583 0.179750 0.103125
1 1.064083 -0.277292 0.051583 0.126667
4 0.741167 0.416458 0.030417 0.085000
4 0.414083 0.388542 0.030083 0.085000
4 0.206500 0.257500 0.030083 0.085833
4 0.609667 0.232917 0.111750 0.056042
4 0.206500 0.167292 0.030083 0.085833
6 0.345250 0.632708 0.050667 0.326250
7 0.729583 0.554583 0.024333 0.174583
7 0.646667 0.535208 0.026917 0.169167
7 0.609667 0.322500 0.111750 0.056042
9 0.661417 0.729167 0.056333 0.185208
9 -0.078333 0.481458 0.009167 0.008333
9 -0.074500 0.462917 0.002833 0.012083
9 -0.081333 0.462917 0.003167 0.012083
9 -0.057250 0.457500 0.007000 0.006042
9 -0.065833 0.457500 0.004417 0.006042
9 0.567750 0.641042 0.119583 0.380833
9 -0.092750 0.462500 0.007000 0.025000
9 -0.077667 0.445833 0.004083 0.005208
9 0.432000 -0.055417 0.008250 0.004583
9 0.444167 -0.057708 0.009167 0.010625
9 0.464083 -0.080000 0.005417 0.006875
9 0.457417 -0.080417 0.006667 0.006042
9 0.415833 -0.087917 0.003833 0.007500
9 0.444000 -0.090000 0.008833 0.009792
10 -0.061083 0.469583 0.017083 0.028750
10 -0.091333 0.463958 0.011750 0.040208
10 -0.078000 0.463958 0.010417 0.041667
10 0.500167 0.500417 0.999667 0.999167
10 0.461083 -0.068333 0.017083 0.028750
10 0.416917 -0.073958 0.005417 0.040208
10 0.444000 -0.073958 0.010750 0.041667
10 0.431000 -0.074375 0.010167 0.041042