0 -1.272583 1.181667 0.081333 0.150625
0 1.131750 1.178750 0.082833 0.151667
0 -0.829833 1.133958 0.466833 0.090833
0 2.459333 0.982917 0.123500 0.091875
0 2.150583 0.982917 0.123500 0.091875
0 2.012833 0.982917 0.125000 0.091875
0 1.713083 0.982917 0.125000 0.091875
0 1.579083 0.982917 0.125000 0.091875
0 1.276333 0.982917 0.125000 0.091875
0 1.141583 0.982917 0.123500 0.091875
0 -0.856167 0.982917 0.125000 0.091875
0 -0.994000 0.982917 0.123500 0.091875
0 -1.292917 0.982917 0.125000 0.091875
0 -1.427750 0.982917 0.123500 0.091875
0 -1.690500 0.982917 0.125000 0.091875
0 -1.825333 0.982917 0.123500 0.091875
0 -2.065500 0.982917 0.125000 0.091875
0 2.459333 0.877708 0.123500 0.091875
0 2.150583 0.877708 0.123500 0.091875
0 2.012833 0.877708 0.125000 0.091875
0 1.713083 0.877708 0.125000 0.091875
0 1.579083 0.877708 0.125000 0.091875
0 1.276333 0.877708 0.125000 0.091875
0 1.141583 0.877708 0.123500 0.091875
0 -0.856167 0.877708 0.125000 0.091875
0 -0.994000 0.877708 0.123500 0.091875
0 -1.292917 0.877708 0.125000 0.091875
0 -1.427750 0.877708 0.123500 0.091875
0 -1.690500 0.877708 0.125000 0.091875
0 -1.825333 0.877708 0.123500 0.091875
0 -2.065500 0.877708 0.125000 0.091875
0 -0.189750 0.909167 0.259000 0.186042
0 -0.462333 0.909167 0.259000 0.186042
0 2.459333 0.771875 0.123500 0.090833
0 2.150583 0.771875 0.123500 0.090833
0 2.012833 0.771875 0.125000 0.090833
0 1.713083 0.771875 0.125000 0.090833
0 1.579083 0.771875 0.125000 0.090833
0 1.276333 0.771875 0.125000 0.090833
0 1.141583 0.771875 0.123500 0.090833
0 -0.856167 0.771875 0.125000 0.090833
0 -0.994000 0.771875 0.123500 0.090833
0 -1.292917 0.771875 0.125000 0.090833
0 -1.427750 0.771875 0.123500 0.090833
0 -1.690500 0.771875 0.125000 0.090833
0 -1.825333 0.771875 0.123500 0.090833
0 -2.065500 0.771875 0.125000 0.090833
0 2.459333 0.666042 0.123500 0.091875
0 2.150583 0.666042 0.123500 0.091875
0 2.012833 0.666042 0.125000 0.091875
0 1.713083 0.666042 0.125000 0.091875
0 1.579083 0.666042 0.125000 0.091875
0 1.276333 0.666042 0.125000 0.091875
0 1.141583 0.666042 0.123500 0.091875
0 -0.856167 0.666042 0.125000 0.091875
0 -0.994000 0.666042 0.123500 0.091875
0 -1.292917 0.666042 0.125000 0.091875
0 -1.427750 0.666042 0.123500 0.091875
0 -1.690500 0.666042 0.125000 0.091875
0 -1.825333 0.666042 0.123500 0.091875
0 -2.065500 0.666042 0.125000 0.091875
0 -0.189750 0.703125 0.259000 0.186042
0 -0.462333 0.703125 0.259000 0.186042
0 2.459333 0.560833 0.123500 0.091875
0 2.150583 0.560833 0.123500 0.091875
0 2.012833 0.560833 0.125000 0.091875
0 1.713083 0.560833 0.125000 0.091875
0 1.579083 0.560833 0.125000 0.091875
0 1.276333 0.560833 0.125000 0.091875
0 1.141583 0.560833 0.123500 0.091875
0 -0.856167 0.560833 0.125000 0.091875
0 -0.994000 0.560833 0.123500 0.091875
0 -1.292917 0.560833 0.125000 0.091875
0 -1.427750 0.560833 0.123500 0.091875
0 -1.690500 0.560833 0.125000 0.091875
0 -1.825333 0.560833 0.123500 0.091875
0 -2.065500 0.560833 0.125000 0.091875
0 2.459333 0.455208 0.123500 0.090833
0 2.150583 0.455208 0.123500 0.090833
0 2.012833 0.455208 0.125000 0.090833
0 1.713083 0.455208 0.125000 0.090833
0 1.579083 0.455208 0.125000 0.090833
0 1.276333 0.455208 0.125000 0.090833
0 1.141583 0.455208 0.123500 0.090833
0 -0.856167 0.455208 0.125000 0.090833
0 -0.994000 0.455208 0.123500 0.090833
0 -1.292917 0.455208 0.125000 0.090833
0 -1.427750 0.455208 0.123500 0.090833
0 -1.690500 0.455208 0.125000 0.090833
0 -1.825333 0.455208 0.123500 0.090833
0 -2.065500 0.455208 0.125000 0.090833
0 -0.189750 0.497708 0.259000 0.187083
0 -0.462333 0.497708 0.259000 0.187083
0 2.459333 0.349375 0.123500 0.091875
0 2.150583 0.349375 0.123500 0.091875
0 2.012833 0.349375 0.125000 0.091875
0 1.713083 0.349375 0.125000 0.091875
0 1.579083 0.349375 0.125000 0.091875
0 1.276333 0.349375 0.125000 0.091875
0 1.141583 0.349375 0.123500 0.091875
0 -0.856167 0.349375 0.125000 0.091875
0 -0.994000 0.349375 0.123500 0.091875
0 -1.292917 0.349375 0.125000 0.091875
0 -1.427750 0.349375 0.123500 0.091875
0 -1.690500 0.349375 0.125000 0.091875
0 -1.825333 0.349375 0.123500 0.091875
0 -2.065500 0.349375 0.125000 0.091875
0 -0.189750 0.292292 0.259000 0.186042
0 -0.462333 0.292292 0.259000 0.186042
0 2.459333 0.243542 0.123500 0.090833
0 2.150583 0.243542 0.123500 0.090833
0 2.012833 0.243542 0.125000 0.090833
0 1.713083 0.243542 0.125000 0.090833
0 1.579083 0.243542 0.125000 0.090833
0 1.276333 0.243542 0.125000 0.090833
0 1.141583 0.243542 0.123500 0.090833
0 -0.856167 0.243542 0.125000 0.090833
0 -0.994000 0.243542 0.123500 0.090833
0 -1.292917 0.243542 0.125000 0.090833
0 -1.427750 0.243542 0.123500 0.090833
0 -1.690500 0.243542 0.125000 0.090833
0 -1.825333 0.243542 0.123500 0.090833
0 -2.065500 0.243542 0.125000 0.090833
0 2.459333 0.137917 0.123500 0.091875
0 2.150583 0.137917 0.123500 0.091875
0 2.012833 0.137917 0.125000 0.091875
0 1.713083 0.137917 0.125000 0.091875
0 1.579083 0.137917 0.125000 0.091875
0 1.276333 0.137917 0.125000 0.091875
0 1.141583 0.137917 0.123500 0.091875
0 -0.856167 0.137917 0.125000 0.091875
0 -0.994000 0.137917 0.123500 0.091875
0 -1.292917 0.137917 0.125000 0.091875
0 -1.427750 0.137917 0.123500 0.091875
0 -1.690500 0.137917 0.125000 0.091875
0 -1.825333 0.137917 0.123500 0.091875
0 -2.065500 0.137917 0.125000 0.091875
0 -0.189750 0.086875 0.259000 0.187083
0 -0.462333 0.086875 0.259000 0.187083
0 2.459333 0.032708 0.123500 0.091875
0 2.150583 0.032708 0.123500 0.091875
0 2.012833 0.032708 0.125000 0.091875
0 1.713083 0.032708 0.125000 0.091875
0 1.579083 0.032708 0.125000 0.091875
0 1.276333 0.032708 0.125000 0.091875
0 1.141583 0.032708 0.123500 0.091875
0 -0.856167 0.032708 0.125000 0.091875
0 -0.994000 0.032708 0.123500 0.091875
0 -1.292917 0.032708 0.125000 0.091875
0 -1.427750 0.032708 0.123500 0.091875
0 -1.690500 0.032708 0.125000 0.091875
0 -1.825333 0.032708 0.123500 0.091875
0 -2.065500 0.032708 0.125000 0.091875
0 2.320750 -0.175625 0.123500 0.091875
0 2.186750 -0.175625 0.123500 0.091875
0 2.052750 -0.175625 0.123500 0.091875
0 1.918667 -0.175625 0.123500 0.091875
0 1.784667 -0.175625 0.123500 0.091875
0 1.649833 -0.175625 0.125000 0.091875
0 1.515833 -0.175625 0.125000 0.091875
0 1.381750 -0.175625 0.125000 0.091875
0 1.247750 -0.175625 0.125000 0.091875
0 1.113667 -0.175625 0.125000 0.091875
0 0.979667 -0.175625 0.125000 0.091875
0 0.845667 -0.175625 0.125000 0.091875
0 0.711583 -0.175625 0.125000 0.091875
0 0.577583 -0.175625 0.125000 0.091875
0 0.443500 -0.175625 0.125000 0.091875
0 0.309500 -0.175625 0.125000 0.091875
0 0.174667 -0.175625 0.123500 0.091875
0 0.040667 -0.175625 0.123500 0.091875
0 -0.093333 -0.175625 0.123500 0.091875
0 -0.227417 -0.175625 0.123500 0.091875
0 -0.361417 -0.175625 0.123500 0.091875
0 -0.496250 -0.175625 0.125000 0.091875
0 -0.630250 -0.175625 0.125000 0.091875
0 -0.764333 -0.175625 0.125000 0.091875
0 -0.898333 -0.175625 0.125000 0.091875
0 -1.032417 -0.175625 0.125000 0.091875
0 -1.166417 -0.175625 0.125000 0.091875
0 -1.300417 -0.175625 0.125000 0.091875
0 -1.434500 -0.175625 0.125000 0.091875
0 -1.634000 -0.175625 0.256000 0.091875
0 -1.833583 -0.175625 0.125000 0.091875
0 -1.967583 -0.175625 0.125000 0.091875
1 -1.273333 1.180417 0.109917 0.161667
1 1.131750 1.180000 0.112917 0.162708
2 -1.273333 1.181042 0.085833 0.151667
2 1.131750 1.179375 0.088833 0.152917
9 -2.595667 0.414792 0.043667 0.012083
9 -2.577583 0.387500 0.013583 0.017708
9 -2.609917 0.387500 0.015083 0.017708
9 -2.495500 0.379792 0.033167 0.008958
9 -2.536167 0.379792 0.021083 0.008958
9 -2.664167 0.387083 0.033167 0.036458
9 -2.592583 0.362708 0.019583 0.007708
9 0.500750 0.500625 0.998500 0.998958
9 -0.167167 -0.368750 0.039167 0.006667
9 -0.109167 -0.372083 0.043667 0.015417
9 -0.014333 -0.404792 0.025583 0.010000
9 -0.045917 -0.405417 0.031667 0.008958
9 -0.244000 -0.416458 0.018083 0.011042
9 -0.109917 -0.419167 0.042167 0.014375
10 -0.064000 1.179375 1.998500 0.008958
10 -2.513583 0.397500 0.081333 0.042083
10 -2.657417 0.389167 0.055750 0.058750
10 -2.594167 0.389167 0.049667 0.060833
10 0.204083 0.454583 4.757500 1.458542
10 -0.028583 -0.387500 0.081333 0.042083
10 -0.238667 -0.395833 0.025583 0.058750
10 -0.109917 -0.395833 0.051167 0.060833
10 -0.171667 -0.396458 0.048167 0.059792