0 0.189833 0.998542 0.017083 0.103125
0 0.695083 0.996667 0.017417 0.103958
0 0.974083 0.862292 0.025917 0.062917
0 0.909167 0.862292 0.025917 0.062917
0 0.880250 0.862292 0.026250 0.062917
0 0.817250 0.862292 0.026250 0.062917
0 0.789083 0.862292 0.026250 0.062917
0 0.725500 0.862292 0.026250 0.062917
0 0.697167 0.862292 0.025917 0.062917
0 0.277333 0.862292 0.026250 0.062917
0 0.248417 0.862292 0.025917 0.062917
0 0.185583 0.862292 0.026250 0.062917
0 0.157250 0.862292 0.025917 0.062917
0 0.102083 0.862292 0.026250 0.062917
0 0.073750 0.862292 0.025917 0.062917
0 0.023250 0.862292 0.026250 0.062917
0 0.974083 0.790208 0.025917 0.062917
0 0.909167 0.790208 0.025917 0.062917
0 0.880250 0.790208 0.026250 0.062917
0 0.817250 0.790208 0.026250 0.062917
0 0.789083 0.790208 0.026250 0.062917
0 0.725500 0.790208 0.026250 0.062917
0 0.697167 0.790208 0.025917 0.062917
0 0.277333 0.790208 0.026250 0.062917
0 0.248417 0.790208 0.025917 0.062917
0 0.185583 0.790208 0.026250 0.062917
0 0.157250 0.790208 0.025917 0.062917
0 0.102083 0.790208 0.026250 0.062917
0 0.073750 0.790208 0.025917 0.062917
0 0.023250 0.790208 0.026250 0.062917
0 0.593000 0.811875 0.054417 0.127500
0 0.532583 0.811875 0.054417 0.127500
0 0.417417 0.811875 0.054417 0.127500
0 0.360167 0.811875 0.054417 0.127500
0 0.974083 0.717708 0.025917 0.062292
0 0.909167 0.717708 0.025917 0.062292
0 0.880250 0.717708 0.026250 0.062292
0 0.817250 0.717708 0.026250 0.062292
0 0.789083 0.717708 0.026250 0.062292
0 0.725500 0.717708 0.026250 0.062292
0 0.697167 0.717708 0.025917 0.062292
0 0.277333 0.717708 0.026250 0.062292
0 0.248417 0.717708 0.025917 0.062292
0 0.185583 0.717708 0.026250 0.062292
0 0.157250 0.717708 0.025917 0.062292
0 0.102083 0.717708 0.026250 0.062292
0 0.073750 0.717708 0.025917 0.062292
0 0.023250 0.717708 0.026250 0.062292
0 0.974083 0.645208 0.025917 0.062917
0 0.909167 0.645208 0.025917 0.062917
0 0.880250 0.645208 0.026250 0.062917
0 0.817250 0.645208 0.026250 0.062917
0 0.789083 0.645208 0.026250 0.062917
0 0.725500 0.645208 0.026250 0.062917
0 0.697167 0.645208 0.025917 0.062917
0 0.277333 0.645208 0.026250 0.062917
0 0.248417 0.645208 0.025917 0.062917
0 0.185583 0.645208 0.026250 0.062917
0 0.157250 0.645208 0.025917 0.062917
0 0.102083 0.645208 0.026250 0.062917
0 0.073750 0.645208 0.025917 0.062917
0 0.023250 0.645208 0.026250 0.062917
0 0.593000 0.670625 0.054417 0.127500
0 0.532583 0.670625 0.054417 0.127500
0 0.417417 0.670625 0.054417 0.127500
0 0.360167 0.670625 0.054417 0.127500
0 0.974083 0.573125 0.025917 0.062917
0 0.909167 0.573125 0.025917 0.062917
0 0.880250 0.573125 0.026250 0.062917
0 0.817250 0.573125 0.026250 0.062917
0 0.789083 0.573125 0.026250 0.062917
0 0.725500 0.573125 0.026250 0.062917
0 0.697167 0.573125 0.025917 0.062917
0 0.277333 0.573125 0.026250 0.062917
0 0.248417 0.573125 0.025917 0.062917
0 0.185583 0.573125 0.026250 0.062917
0 0.157250 0.573125 0.025917 0.062917
0 0.102083 0.573125 0.026250 0.062917
0 0.073750 0.573125 0.025917 0.062917
0 0.023250 0.573125 0.026250 0.062917
0 0.974083 0.500833 0.025917 0.062292
0 0.909167 0.500833 0.025917 0.062292
0 0.880250 0.500833 0.026250 0.062292
0 0.817250 0.500833 0.026250 0.062292
0 0.789083 0.500833 0.026250 0.062292
0 0.725500 0.500833 0.026250 0.062292
0 0.697167 0.500833 0.025917 0.062292
0 0.277333 0.500833 0.026250 0.062292
0 0.248417 0.500833 0.025917 0.062292
0 0.185583 0.500833 0.026250 0.062292
0 0.157250 0.500833 0.025917 0.062292
0 0.102083 0.500833 0.026250 0.062292
0 0.073750 0.500833 0.025917 0.062292
0 0.023250 0.500833 0.026250 0.062292
0 0.593000 0.530000 0.054417 0.128125
0 0.532583 0.530000 0.054417 0.128125
0 0.417417 0.530000 0.054417 0.128125
0 0.360167 0.530000 0.054417 0.128125
0 0.974083 0.428333 0.025917 0.062917
0 0.909167 0.428333 0.025917 0.062917
0 0.880250 0.428333 0.026250 0.062917
0 0.817250 0.428333 0.026250 0.062917
0 0.789083 0.428333 0.026250 0.062917
0 0.725500 0.428333 0.026250 0.062917
0 0.697167 0.428333 0.025917 0.062917
0 0.277333 0.428333 0.026250 0.062917
0 0.248417 0.428333 0.025917 0.062917
0 0.185583 0.428333 0.026250 0.062917
0 0.157250 0.428333 0.025917 0.062917
0 0.102083 0.428333 0.026250 0.062917
0 0.073750 0.428333 0.025917 0.062917
0 0.023250 0.428333 0.026250 0.062917
0 0.593000 0.389167 0.054417 0.127500
0 0.532583 0.389167 0.054417 0.127500
0 0.417417 0.389167 0.054417 0.127500
0 0.360167 0.389167 0.054417 0.127500
0 0.974083 0.355833 0.025917 0.062292
0 0.909167 0.355833 0.025917 0.062292
0 0.880250 0.355833 0.026250 0.062292
0 0.817250 0.355833 0.026250 0.062292
0 0.789083 0.355833 0.026250 0.062292
0 0.725500 0.355833 0.026250 0.062292
0 0.697167 0.355833 0.025917 0.062292
0 0.277333 0.355833 0.026250 0.062292
0 0.248417 0.355833 0.025917 0.062292
0 0.185583 0.355833 0.026250 0.062292
0 0.157250 0.355833 0.025917 0.062292
0 0.102083 0.355833 0.026250 0.062292
0 0.073750 0.355833 0.025917 0.062292
0 0.023250 0.355833 0.026250 0.062292
0 0.974083 0.283333 0.025917 0.062917
0 0.909167 0.283333 0.025917 0.062917
0 0.880250 0.283333 0.026250 0.062917
0 0.817250 0.283333 0.026250 0.062917
0 0.789083 0.283333 0.026250 0.062917
0 0.725500 0.283333 0.026250 0.062917
0 0.697167 0.283333 0.025917 0.062917
0 0.277333 0.283333 0.026250 0.062917
0 0.248417 0.283333 0.025917 0.062917
0 0.185583 0.283333 0.026250 0.062917
0 0.157250 0.283333 0.025917 0.062917
0 0.102083 0.283333 0.026250 0.062917
0 0.073750 0.283333 0.025917 0.062917
0 0.023250 0.283333 0.026250 0.062917
0 0.593000 0.248542 0.054417 0.128125
0 0.532583 0.248542 0.054417 0.128125
0 0.417417 0.248542 0.054417 0.128125
0 0.360167 0.248542 0.054417 0.128125
0 0.974083 0.211250 0.025917 0.062917
0 0.909167 0.211250 0.025917 0.062917
0 0.880250 0.211250 0.026250 0.062917
0 0.817250 0.211250 0.026250 0.062917
0 0.789083 0.211250 0.026250 0.062917
0 0.725500 0.211250 0.026250 0.062917
0 0.697167 0.211250 0.025917 0.062917
0 0.277333 0.211250 0.026250 0.062917
0 0.248417 0.211250 0.025917 0.062917
0 0.185583 0.211250 0.026250 0.062917
0 0.157250 0.211250 0.025917 0.062917
0 0.102083 0.211250 0.026250 0.062917
0 0.073750 0.211250 0.025917 0.062917
0 0.023250 0.211250 0.026250 0.062917
0 0.944917 0.068750 0.025917 0.062917
0 0.916750 0.068750 0.025917 0.062917
0 0.888583 0.068750 0.025917 0.062917
0 0.860417 0.068750 0.025917 0.062917
0 0.832250 0.068750 0.025917 0.062917
0 0.803917 0.068750 0.026250 0.062917
0 0.775750 0.068750 0.026250 0.062917
0 0.747667 0.068750 0.026250 0.062917
0 0.719500 0.068750 0.026250 0.062917
0 0.691333 0.068750 0.026250 0.062917
0 0.663167 0.068750 0.026250 0.062917
0 0.635000 0.068750 0.026250 0.062917
0 0.606833 0.068750 0.026250 0.062917
0 0.578667 0.068750 0.026250 0.062917
0 0.550500 0.068750 0.026250 0.062917
0 0.522333 0.068750 0.026250 0.062917
0 0.494000 0.068750 0.025917 0.062917
0 0.465833 0.068750 0.025917 0.062917
0 0.437667 0.068750 0.025917 0.062917
0 0.409500 0.068750 0.025917 0.062917
0 0.381333 0.068750 0.025917 0.062917
0 0.353000 0.068750 0.026250 0.062917
0 0.324833 0.068750 0.026250 0.062917
0 0.296667 0.068750 0.026250 0.062917
0 0.268500 0.068750 0.026250 0.062917
0 0.240333 0.068750 0.026250 0.062917
0 0.212167 0.068750 0.026250 0.062917
0 0.184000 0.068750 0.026250 0.062917
0 0.155833 0.068750 0.026250 0.062917
0 0.113917 0.068750 0.053833 0.062917
0 0.072000 0.068750 0.026250 0.062917
0 0.043833 0.068750 0.026250 0.062917
1 0.189750 0.997708 0.023083 0.110833
1 0.695083 0.997292 0.023750 0.111458
2 0.189750 0.998125 0.018000 0.103958
2 0.695083 0.996875 0.018667 0.104792
7 0.282917 0.965833 0.098083 0.062292
9 -0.088167 0.473125 0.009167 0.008333
9 -0.084333 0.454375 0.002833 0.012083
9 -0.091167 0.454375 0.003167 0.012083
9 -0.067083 0.449167 0.007000 0.006042
9 -0.075667 0.449167 0.004417 0.006042
9 -0.102500 0.454167 0.007000 0.025000
9 -0.087500 0.437500 0.004083 0.005208
9 0.422167 -0.063750 0.008250 0.004583
9 0.434333 -0.066042 0.009167 0.010625
9 0.454250 -0.088333 0.005417 0.006875
9 0.447667 -0.088750 0.006667 0.006042
9 0.406000 -0.096458 0.003833 0.007500
9 0.434167 -0.098333 0.008833 0.009792
10 0.443833 0.996875 0.419917 0.006042
10 -0.070917 0.461250 0.017083 0.028750
10 -0.101083 0.455625 0.011750 0.040208
10 -0.087833 0.455625 0.010417 0.041667
10 0.500167 0.500417 0.999667 0.999167
10 0.451250 -0.076667 0.017083 0.028750
10 0.407083 -0.082292 0.005417 0.040208
10 0.434167 -0.082292 0.010750 0.041667
10 0.421167 -0.082708 0.010167 0.041042