0 -0.395417 1.181667 0.051833 0.150625
0 1.136750 1.178750 0.052750 0.151667
0 -0.113250 1.133958 0.297500 0.090833
0 1.982750 0.982917 0.078667 0.091875
0 1.786000 0.982917 0.078667 0.091875
0 1.698167 0.982917 0.079667 0.091875
0 1.507167 0.982917 0.079667 0.091875
0 1.421750 0.982917 0.079667 0.091875
0 1.228917 0.982917 0.079667 0.091875
0 1.143000 0.982917 0.078667 0.091875
0 -0.130000 0.982917 0.079667 0.091875
0 -0.217833 0.982917 0.078667 0.091875
0 -0.408333 0.982917 0.079667 0.091875
0 -0.494250 0.982917 0.078667 0.091875
0 -0.661667 0.982917 0.079667 0.091875
0 -0.747583 0.982917 0.078667 0.091875
0 -0.900667 0.982917 0.079667 0.091875
0 1.982750 0.877708 0.078667 0.091875
0 1.786000 0.877708 0.078667 0.091875
0 1.698167 0.877708 0.079667 0.091875
0 1.507167 0.877708 0.079667 0.091875
0 1.421750 0.877708 0.079667 0.091875
0 1.228917 0.877708 0.079667 0.091875
0 1.143000 0.877708 0.078667 0.091875
0 -0.130000 0.877708 0.079667 0.091875
0 -0.217833 0.877708 0.078667 0.091875
0 -0.408333 0.877708 0.079667 0.091875
0 -0.494250 0.877708 0.078667 0.091875
0 -0.661667 0.877708 0.079667 0.091875
0 -0.747583 0.877708 0.078667 0.091875
0 -0.900667 0.877708 0.079667 0.091875
0 1.982750 0.771875 0.078667 0.090833
0 1.786000 0.771875 0.078667 0.090833
0 1.698167 0.771875 0.079667 0.090833
0 1.507167 0.771875 0.079667 0.090833
0 1.421750 0.771875 0.079667 0.090833
0 1.228917 0.771875 0.079667 0.090833
0 1.143000 0.771875 0.078667 0.090833
0 -0.130000 0.771875 0.079667 0.090833
0 -0.217833 0.771875 0.078667 0.090833
0 -0.408333 0.771875 0.079667 0.090833
0 -0.494250 0.771875 0.078667 0.090833
0 -0.661667 0.771875 0.079667 0.090833
0 -0.747583 0.771875 0.078667 0.090833
0 -0.900667 0.771875 0.079667 0.090833
0 1.982750 0.666042 0.078667 0.091875
0 1.786000 0.666042 0.078667 0.091875
0 1.698167 0.666042 0.079667 0.091875
0 1.507167 0.666042 0.079667 0.091875
0 1.421750 0.666042 0.079667 0.091875
0 1.228917 0.666042 0.079667 0.091875
0 1.143000 0.666042 0.078667 0.091875
0 -0.130000 0.666042 0.079667 0.091875
0 -0.217833 0.666042 0.078667 0.091875
0 -0.408333 0.666042 0.079667 0.091875
0 -0.494250 0.666042 0.078667 0.091875
0 -0.661667 0.666042 0.079667 0.091875
0 -0.747583 0.666042 0.078667 0.091875
0 -0.900667 0.666042 0.079667 0.091875
0 1.982750 0.560833 0.078667 0.091875
0 1.786000 0.560833 0.078667 0.091875
0 1.698167 0.560833 0.079667 0.091875
0 1.507167 0.560833 0.079667 0.091875
0 1.421750 0.560833 0.079667 0.091875
0 1.228917 0.560833 0.079667 0.091875
0 1.143000 0.560833 0.078667 0.091875
0 -0.130000 0.560833 0.079667 0.091875
0 -0.217833 0.560833 0.078667 0.091875
0 -0.408333 0.560833 0.079667 0.091875
0 -0.494250 0.560833 0.078667 0.091875
0 -0.661667 0.560833 0.079667 0.091875
0 -0.747583 0.560833 0.078667 0.091875
0 -0.900667 0.560833 0.079667 0.091875
0 1.982750 0.455208 0.078667 0.090833
0 1.786000 0.455208 0.078667 0.090833
0 1.698167 0.455208 0.079667 0.090833
0 1.507167 0.455208 0.079667 0.090833
0 1.421750 0.455208 0.079667 0.090833
0 1.228917 0.455208 0.079667 0.090833
0 1.143000 0.455208 0.078667 0.090833
0 -0.130000 0.455208 0.079667 0.090833
0 -0.217833 0.455208 0.078667 0.090833
0 -0.408333 0.455208 0.079667 0.090833
0 -0.494250 0.455208 0.078667 0.090833
0 -0.661667 0.455208 0.079667 0.090833
0 -0.747583 0.455208 0.078667 0.090833
0 -0.900667 0.455208 0.079667 0.090833
0 1.982750 0.349375 0.078667 0.091875
0 1.786000 0.349375 0.078667 0.091875
0 1.698167 0.349375 0.079667 0.091875
0 1.507167 0.349375 0.079667 0.091875
0 1.421750 0.349375 0.079667 0.091875
0 1.228917 0.349375 0.079667 0.091875
0 1.143000 0.349375 0.078667 0.091875
0 -0.130000 0.349375 0.079667 0.091875
0 -0.217833 0.349375 0.078667 0.091875
0 -0.408333 0.349375 0.079667 0.091875
0 -0.494250 0.349375 0.078667 0.091875
0 -0.661667 0.349375 0.079667 0.091875
0 -0.747583 0.349375 0.078667 0.091875
0 -0.900667 0.349375 0.079667 0.091875
0 1.982750 0.243542 0.078667 0.090833
0 1.786000 0.243542 0.078667 0.090833
0 1.698167 0.243542 0.079667 0.090833
0 1.507167 0.243542 0.079667 0.090833
0 1.421750 0.243542 0.079667 0.090833
0 1.228917 0.243542 0.079667 0.090833
0 1.143000 0.243542 0.078667 0.090833
0 -0.130000 0.243542 0.079667 0.090833
0 -0.217833 0.243542 0.078667 0.090833
0 -0.408333 0.243542 0.079667 0.090833
0 -0.494250 0.243542 0.078667 0.090833
0 -0.661667 0.243542 0.079667 0.090833
0 -0.747583 0.243542 0.078667 0.090833
0 -0.900667 0.243542 0.079667 0.090833
0 1.982750 0.137917 0.078667 0.091875
0 1.786000 0.137917 0.078667 0.091875
0 1.698167 0.137917 0.079667 0.091875
0 1.507167 0.137917 0.079667 0.091875
0 1.421750 0.137917 0.079667 0.091875
0 1.228917 0.137917 0.079667 0.091875
0 1.143000 0.137917 0.078667 0.091875
0 -0.130000 0.137917 0.079667 0.091875
0 -0.217833 0.137917 0.078667 0.091875
0 -0.408333 0.137917 0.079667 0.091875
0 -0.494250 0.137917 0.078667 0.091875
0 -0.661667 0.137917 0.079667 0.091875
0 -0.747583 0.137917 0.078667 0.091875
0 -0.900667 0.137917 0.079667 0.091875
0 1.982750 0.032708 0.078667 0.091875
0 1.786000 0.032708 0.078667 0.091875
0 1.698167 0.032708 0.079667 0.091875
0 1.507167 0.032708 0.079667 0.091875
0 1.421750 0.032708 0.079667 0.091875
0 1.228917 0.032708 0.079667 0.091875
0 1.143000 0.032708 0.078667 0.091875
0 -0.130000 0.032708 0.079667 0.091875
0 -0.217833 0.032708 0.078667 0.091875
0 -0.408333 0.032708 0.079667 0.091875
0 -0.494250 0.032708 0.078667 0.091875
0 -0.661667 0.032708 0.079667 0.091875
0 -0.747583 0.032708 0.078667 0.091875
0 -0.900667 0.032708 0.079667 0.091875
0 1.894417 -0.175625 0.078667 0.091875
0 1.809000 -0.175625 0.078667 0.091875
0 1.723583 -0.175625 0.078667 0.091875
0 1.638167 -0.175625 0.078667 0.091875
0 1.552750 -0.175625 0.078667 0.091875
0 1.466917 -0.175625 0.079667 0.091875
0 1.381500 -0.175625 0.079667 0.091875
0 1.296083 -0.175625 0.079667 0.091875
0 1.210667 -0.175625 0.079667 0.091875
0 1.125250 -0.175625 0.079667 0.091875
0 1.039833 -0.175625 0.079667 0.091875
0 0.954417 -0.175625 0.079667 0.091875
0 0.869000 -0.175625 0.079667 0.091875
0 0.783583 -0.175625 0.079667 0.091875
0 0.698167 -0.175625 0.079667 0.091875
0 0.612750 -0.175625 0.079667 0.091875
0 0.526833 -0.175625 0.078667 0.091875
0 0.441500 -0.175625 0.078667 0.091875
0 0.356083 -0.175625 0.078667 0.091875
0 0.270667 -0.175625 0.078667 0.091875
0 0.185250 -0.175625 0.078667 0.091875
0 0.099333 -0.175625 0.079667 0.091875
0 0.013917 -0.175625 0.079667 0.091875
0 -0.071500 -0.175625 0.079667 0.091875
0 -0.156917 -0.175625 0.079667 0.091875
0 -0.242333 -0.175625 0.079667 0.091875
0 -0.327750 -0.175625 0.079667 0.091875
0 -0.413167 -0.175625 0.079667 0.091875
0 -0.498583 -0.175625 0.079667 0.091875
0 -0.625750 -0.175625 0.163167 0.091875
0 -0.752917 -0.175625 0.079667 0.091875
0 -0.838333 -0.175625 0.079667 0.091875
1 -0.395833 1.180417 0.070083 0.161667
1 1.136750 1.180000 0.072000 0.162708
2 -0.395833 1.181042 0.054667 0.151667
2 1.136750 1.179375 0.056583 0.152917
9 -1.238500 0.414792 0.027833 0.012083
9 -1.227000 0.387500 0.008667 0.017708
9 -1.247583 0.387500 0.009583 0.017708
9 -1.174667 0.379792 0.021083 0.008958
9 -1.200583 0.379792 0.013417 0.008958
9 -1.282167 0.387083 0.021083 0.036458
9 -1.236583 0.362708 0.012500 0.007708
9 0.500500 0.500625 0.999000 0.998958
9 0.309000 -0.368750 0.024917 0.006667
9 0.346000 -0.372083 0.027833 0.015417
9 0.406417 -0.404792 0.016333 0.010000
9 0.386250 -0.405417 0.020167 0.008958
9 0.260083 -0.416458 0.011500 0.011042
9 0.345500 -0.419167 0.026833 0.014375
10 0.374750 1.179375 1.273500 0.008958
10 -1.186167 0.397500 0.051833 0.042083
10 -1.277833 0.389167 0.035500 0.058750
10 -1.237500 0.389167 0.031667 0.060833
10 0.545583 0.454583 3.031667 1.458542
10 0.397333 -0.387500 0.051833 0.042083
10 0.263417 -0.395833 0.016333 0.058750
10 0.345500 -0.395833 0.032667 0.060833
10 0.306167 -0.396458 0.030750 0.059792