0 0.816000 4.646042 0.084917 0.496250
0 3.326250 4.636875 0.086500 0.500000
0 4.712250 3.990833 0.128917 0.302917
0 4.389917 3.990833 0.128917 0.302917
0 4.246083 3.990833 0.130500 0.302917
0 3.933167 3.990833 0.130500 0.302917
0 3.793250 3.990833 0.130500 0.302917
0 3.477167 3.990833 0.130500 0.302917
0 3.336500 3.990833 0.128917 0.302917
0 2.947333 3.797500 0.268833 0.302917
0 4.712250 3.644167 0.128917 0.302917
0 4.389917 3.644167 0.128917 0.302917
0 4.246083 3.644167 0.130500 0.302917
0 3.933167 3.644167 0.130500 0.302917
0 3.793250 3.644167 0.130500 0.302917
0 3.477167 3.644167 0.130500 0.302917
0 3.336500 3.644167 0.128917 0.302917
0 2.407250 3.711667 0.270417 0.613125
0 2.001583 3.711667 0.270417 0.613125
0 1.551917 3.711667 0.270417 0.613125
0 4.712250 3.295625 0.128917 0.299167
0 4.389917 3.295625 0.128917 0.299167
0 4.246083 3.295625 0.130500 0.299167
0 3.933167 3.295625 0.130500 0.299167
0 3.793250 3.295625 0.130500 0.299167
0 3.477167 3.295625 0.130500 0.299167
0 3.336500 3.295625 0.128917 0.299167
0 2.947333 3.250000 0.268833 0.302917
0 4.712250 2.947083 0.128917 0.302917
0 4.389917 2.947083 0.128917 0.302917
0 4.246083 2.947083 0.130500 0.302917
0 3.933167 2.947083 0.130500 0.302917
0 3.793250 2.947083 0.130500 0.302917
0 3.477167 2.947083 0.130500 0.302917
0 3.336500 2.947083 0.128917 0.302917
0 2.407250 3.032917 0.270417 0.613125
0 2.001583 3.032917 0.270417 0.613125
0 1.551917 3.032917 0.270417 0.613125
0 2.947333 2.757292 0.268833 0.302917
0 4.712250 2.600417 0.128917 0.302917
0 4.389917 2.600417 0.128917 0.302917
0 4.246083 2.600417 0.130500 0.302917
0 3.933167 2.600417 0.130500 0.302917
0 3.793250 2.600417 0.130500 0.302917
0 3.477167 2.600417 0.130500 0.302917
0 3.336500 2.600417 0.128917 0.302917
0 4.712250 2.251875 0.128917 0.299167
0 4.389917 2.251875 0.128917 0.299167
0 4.246083 2.251875 0.130500 0.299167
0 3.933167 2.251875 0.130500 0.299167
0 3.793250 2.251875 0.130500 0.299167
0 3.477167 2.251875 0.130500 0.299167
0 3.336500 2.251875 0.128917 0.299167
0 2.407250 2.355833 0.270417 0.616875
0 2.001583 2.355833 0.270417 0.616875
0 1.551917 2.355833 0.270417 0.616875
0 2.947333 2.184375 0.268833 0.302917
0 4.712250 1.903333 0.128917 0.302917
0 4.389917 1.903333 0.128917 0.302917
0 4.246083 1.903333 0.130500 0.302917
0 3.933167 1.903333 0.130500 0.302917
0 3.793250 1.903333 0.130500 0.302917
0 3.477167 1.903333 0.130500 0.302917
0 3.336500 1.903333 0.128917 0.302917
0 4.712250 1.554792 0.128917 0.299167
0 4.389917 1.554792 0.128917 0.299167
0 4.246083 1.554792 0.130500 0.299167
0 3.933167 1.554792 0.130500 0.299167
0 3.793250 1.554792 0.130500 0.299167
0 3.477167 1.554792 0.130500 0.299167
0 3.336500 1.554792 0.128917 0.299167
0 2.947333 1.554792 0.268833 0.299167
0 2.407250 1.678750 0.270417 0.613125
0 2.001583 1.678750 0.270417 0.613125
0 1.551917 1.678750 0.270417 0.613125
0 4.712250 1.206250 0.128917 0.302917
0 4.389917 1.206250 0.128917 0.302917
0 4.246083 1.206250 0.130500 0.302917
0 3.933167 1.206250 0.130500 0.302917
0 3.793250 1.206250 0.130500 0.302917
0 3.477167 1.206250 0.130500 0.302917
0 3.336500 1.206250 0.128917 0.302917
0 2.947333 0.958125 0.268833 0.302917
0 4.712250 0.859583 0.128917 0.302917
0 4.389917 0.859583 0.128917 0.302917
0 4.246083 0.859583 0.130500 0.302917
0 3.933167 0.859583 0.130500 0.302917
0 3.793250 0.859583 0.130500 0.302917
0 3.477167 0.859583 0.130500 0.302917
0 3.336500 0.859583 0.128917 0.302917
0 2.407250 1.001875 0.270417 0.616875
0 2.001583 1.001875 0.270417 0.616875
0 1.551917 1.001875 0.270417 0.616875
0 4.567583 0.173333 0.128917 0.302917
0 4.427667 0.173333 0.128917 0.302917
0 4.287750 0.173333 0.128917 0.302917
0 4.147833 0.173333 0.128917 0.302917
0 4.007833 0.173333 0.128917 0.302917
0 3.867167 0.173333 0.130500 0.302917
0 3.727167 0.173333 0.130500 0.302917
0 3.587250 0.173333 0.130500 0.302917
0 3.447333 0.173333 0.130500 0.302917
0 3.307417 0.173333 0.130500 0.302917
0 3.167417 0.173333 0.130500 0.302917
0 3.027500 0.173333 0.130500 0.302917
0 2.887583 0.173333 0.130500 0.302917
0 2.747667 0.173333 0.130500 0.302917
0 2.607667 0.173333 0.130500 0.302917
0 2.467750 0.173333 0.130500 0.302917
0 2.327083 0.173333 0.128917 0.302917
0 2.187083 0.173333 0.128917 0.302917
0 2.047167 0.173333 0.128917 0.302917
0 1.907250 0.173333 0.128917 0.302917
0 1.767333 0.173333 0.128917 0.302917
0 1.626583 0.173333 0.130500 0.302917
0 1.486667 0.173333 0.130500 0.302917
1 0.815250 4.642292 0.114750 0.532917
1 3.326250 4.640417 0.117917 0.536458
1 0.500750 0.501875 0.998417 0.996250
2 0.815250 4.644167 0.089583 0.500000
2 3.326250 4.638750 0.092750 0.503750
6 0.775167 3.620417 0.518833 0.146042
6 0.221667 3.620417 0.518833 0.146042
6 0.775167 3.419792 0.518833 0.146042
6 0.221667 3.419792 0.518833 0.146042
6 0.775167 3.218958 0.518833 0.146042
6 0.221667 3.218958 0.518833 0.146042
6 0.775167 3.014583 0.518833 0.146042
6 0.221667 3.014583 0.518833 0.146042
6 0.775167 2.813958 0.518833 0.146042
6 0.221667 2.813958 0.518833 0.146042
6 0.775167 2.613125 0.518833 0.146042
6 0.221667 2.613125 0.518833 0.146042
6 0.775167 2.412500 0.518833 0.146042
6 0.221667 2.412500 0.518833 0.146042
6 0.775167 2.211667 0.518833 0.146042
6 0.221667 2.211667 0.518833 0.146042
6 0.775167 2.009167 0.518833 0.149583
6 0.221667 2.009167 0.518833 0.149583
6 0.775167 1.806667 0.518833 0.146042
6 0.221667 1.806667 0.518833 0.146042
6 0.775167 1.605833 0.518833 0.146042
6 0.221667 1.605833 0.518833 0.146042
6 0.775167 1.405208 0.518833 0.146042
6 0.221667 1.405208 0.518833 0.146042
7 0.191000 4.213542 0.429250 0.302917
9 -0.565250 2.118542 0.045583 0.040208
9 -0.546417 2.029167 0.014167 0.058333
9 -0.580167 2.029167 0.015750 0.058333
9 -0.460667 2.003750 0.034583 0.029167
9 -0.503167 2.003750 0.022000 0.029167
9 -0.636833 2.027292 0.034583 0.120417
9 -0.562083 1.947083 0.020417 0.025625
9 1.286167 0.441667 0.044000 0.043750
9 1.207583 0.363125 0.015750 0.062083
9 1.271250 0.355833 0.036167 0.054792
9 1.137583 0.385000 0.055000 0.149583
9 1.273583 0.156875 0.037750 0.087500
9 1.209083 0.164167 0.053500 0.116875
9 1.137583 0.182500 0.064500 0.160625
9 1.970167 -0.463542 0.040917 0.021875
9 2.030667 -0.474375 0.045583 0.051042
9 2.129750 -0.582083 0.026750 0.032917
9 2.096667 -0.583958 0.033000 0.029167
9 1.889917 -0.620417 0.018833 0.036458
9 2.029833 -0.629583 0.044000 0.047500
10 2.077833 4.638750 2.086500 0.029167
10 -0.479583 2.062083 0.084917 0.138750
10 -0.629750 2.034583 0.058167 0.193333
10 -0.563667 2.034583 0.051917 0.200833
10 1.209917 0.284583 0.350667 0.562083
10 2.357667 2.250000 4.967000 4.806667
10 2.114750 -0.525625 0.084917 0.138750
10 1.895417 -0.552917 0.026750 0.193333
10 2.029833 -0.552917 0.053500 0.200833
10 1.965417 -0.554792 0.050333 0.197083