0 0.189833 0.998542 0.017083 0.103125
0 0.695083 0.996667 0.017417 0.103958
0 0.801917 0.918125 0.091167 0.157917
0 0.489417 0.918125 0.160417 0.157917
0 0.283583 0.918125 0.091167 0.157917
0 0.980500 0.642708 0.026250 0.062292
0 0.850000 0.624792 0.054417 0.128125
0 0.068000 0.624792 0.054417 0.128125
0 0.764750 0.622917 0.052833 0.128958
0 0.678667 0.622917 0.052833 0.128958
0 0.236417 0.622917 0.053167 0.128958
0 0.151750 0.622917 0.052833 0.128958
0 0.980500 0.567083 0.026250 0.062917
0 0.850000 0.524583 0.054417 0.062917
0 0.068000 0.524583 0.054417 0.062917
0 0.764750 0.523125 0.052833 0.062917
0 0.678667 0.523125 0.052833 0.062917
0 0.236417 0.523125 0.053167 0.062917
0 0.151750 0.523125 0.052833 0.062917
0 0.980500 0.492083 0.026250 0.062917
0 0.980500 0.411250 0.026250 0.062292
0 0.849667 0.345625 0.053167 0.062917
0 0.764083 0.345625 0.052833 0.062917
0 0.679250 0.345625 0.052833 0.062917
0 0.236417 0.345625 0.053167 0.062917
0 0.152083 0.345625 0.052833 0.062917
0 0.980500 0.330417 0.026250 0.062917
0 0.849667 0.279167 0.053167 0.062292
0 0.764083 0.279167 0.052833 0.062292
0 0.679250 0.279167 0.052833 0.062292
0 0.236417 0.279167 0.053167 0.062292
0 0.152083 0.279167 0.052833 0.062292
0 0.068000 0.311875 0.054417 0.127500
0 0.980500 0.250000 0.026250 0.062917
0 0.849667 0.212917 0.053167 0.062917
0 0.764083 0.212917 0.052833 0.062917
0 0.679250 0.212917 0.052833 0.062917
0 0.236417 0.212917 0.053167 0.062917
0 0.152083 0.212917 0.052833 0.062917
0 0.068000 0.211667 0.054417 0.062292
0 0.948083 0.081667 0.025917 0.062917
0 0.919917 0.081667 0.025917 0.062917
0 0.891750 0.081667 0.025917 0.062917
0 0.862500 0.081667 0.026250 0.062917
0 0.834333 0.081667 0.026250 0.062917
0 0.806167 0.081667 0.026250 0.062917
0 0.778000 0.081667 0.026250 0.062917
0 0.749667 0.081667 0.025917 0.062917
0 0.721500 0.081667 0.025917 0.062917
0 0.693333 0.081667 0.025917 0.062917
0 0.665167 0.081667 0.025917 0.062917
0 0.307417 0.081667 0.026250 0.062917
0 0.279250 0.081667 0.026250 0.062917
0 0.251083 0.081667 0.026250 0.062917
0 0.222917 0.081667 0.026250 0.062917
0 0.194750 0.081667 0.026250 0.062917
0 0.166583 0.081667 0.026250 0.062917
0 0.138417 0.081667 0.026250 0.062917
0 0.110250 0.081667 0.026250 0.062917
0 0.082083 0.081667 0.026250 0.062917
0 0.053833 0.081667 0.025917 0.062917
1 0.189750 0.997708 0.023083 0.110833
1 0.695083 0.997292 0.023750 0.111458
1 0.457917 0.142292 0.201250 0.207083
2 0.189750 0.998125 0.018000 0.103958
2 0.695083 0.996875 0.018667 0.104792
4 0.622000 0.919167 0.028167 0.155625
4 0.591333 0.919167 0.028167 0.155625
4 0.383250 0.919167 0.028500 0.155625
4 0.352333 0.919167 0.028167 0.155625
4 0.132750 0.919167 0.028167 0.155625
4 0.102083 0.919167 0.028167 0.155625
6 0.538417 0.755000 0.104083 0.030417
6 0.376417 0.755000 0.104083 0.030417
6 0.538417 0.713125 0.104083 0.030417
6 0.376417 0.713125 0.104083 0.030417
6 0.538417 0.671458 0.104083 0.030417
6 0.376417 0.671458 0.104083 0.030417
6 0.538417 0.628958 0.104083 0.030417
6 0.376417 0.628958 0.104083 0.030417
6 0.538417 0.587292 0.104083 0.030417
6 0.376417 0.587292 0.104083 0.030417
6 0.538417 0.545625 0.104083 0.030417
6 0.376417 0.545625 0.104083 0.030417
6 0.538417 0.503750 0.104083 0.030417
6 0.376417 0.503750 0.104083 0.030417
6 0.538417 0.462083 0.104083 0.030417
6 0.376417 0.462083 0.104083 0.030417
6 0.538417 0.420000 0.104083 0.031042
6 0.376417 0.420000 0.104083 0.031042
6 0.538417 0.377917 0.104083 0.030417
6 0.376417 0.377917 0.104083 0.030417
6 0.538417 0.336042 0.104083 0.030417
6 0.376417 0.336042 0.104083 0.030417
6 0.538417 0.294375 0.104083 0.030417
6 0.376417 0.294375 0.104083 0.030417
7 0.622000 0.668333 0.026250 0.207917
9 0.902333 0.932500 0.009167 0.003125
9 0.887500 0.929792 0.007917 0.008333
9 0.916750 0.928333 0.008833 0.011458
9 0.942583 0.915417 0.006667 0.022083
9 0.927667 0.913958 0.005417 0.018958
9 0.903500 0.906667 0.006333 0.006042
9 0.901250 0.912083 0.010750 0.016667
9 0.914250 0.912083 0.007583 0.018125
9 0.933833 0.917708 0.001917 0.031042
9 0.959000 0.917708 0.011083 0.032708
9 0.949083 0.918125 0.001250 0.033333
9 0.886833 0.909375 0.013000 0.017500
9 -0.088167 0.473125 0.009167 0.008333
9 -0.084333 0.454375 0.002833 0.012083
9 -0.091167 0.454375 0.003167 0.012083
9 -0.067083 0.449167 0.007000 0.006042
9 -0.075667 0.449167 0.004417 0.006042
9 -0.102500 0.454167 0.007000 0.025000
9 -0.087500 0.437500 0.004083 0.005208
9 0.422167 -0.063750 0.008250 0.004583
9 0.434333 -0.066042 0.009167 0.010625
9 0.454250 -0.088333 0.005417 0.006875
9 0.447667 -0.088750 0.006667 0.006042
9 0.406000 -0.096458 0.003833 0.007500
9 0.434167 -0.098333 0.008833 0.009792
10 0.443833 0.996875 0.419917 0.006042
10 -0.070917 0.461250 0.017083 0.028750
10 -0.101083 0.455625 0.011750 0.040208
10 -0.087833 0.455625 0.010417 0.041667
10 0.500167 0.500417 0.999667 0.999167
10 0.451250 -0.076667 0.017083 0.028750
10 0.407083 -0.082292 0.005417 0.040208
10 0.434167 -0.082292 0.010750 0.041667
10 0.421167 -0.082708 0.010167 0.041042