0 -1.172417 1.317708 0.124167 0.177708
0 2.497667 1.314375 0.126417 0.179167
0 2.046000 1.237292 0.188500 0.108542
0 1.841417 1.237292 0.188500 0.108542
0 1.636750 1.237292 0.188500 0.108542
0 1.432167 1.237292 0.188500 0.108542
0 1.226417 1.237292 0.190833 0.108542
0 1.005750 1.237292 0.190833 0.108542
0 0.786167 1.237292 0.188500 0.108542
0 0.566667 1.237292 0.190833 0.108542
0 0.348250 1.237292 0.190833 0.108542
0 0.128750 1.237292 0.188500 0.108542
0 -0.090833 1.237292 0.190833 0.108542
0 -0.309167 1.237292 0.190833 0.108542
0 -0.529917 1.237292 0.190833 0.108542
0 -0.748250 1.237292 0.190833 0.108542
0 4.400000 1.172500 0.395417 0.219583
0 3.910333 1.172500 0.395417 0.219583
0 3.455167 1.172500 0.395417 0.219583
0 2.995417 1.172500 0.395417 0.219583
0 3.251750 0.883750 0.190833 0.107292
0 3.033333 0.883750 0.190833 0.107292
0 2.813833 0.883750 0.188500 0.107292
0 2.594250 0.883750 0.190833 0.107292
0 2.375833 0.883750 0.190833 0.107292
0 2.155167 0.883750 0.190833 0.107292
0 1.936750 0.883750 0.190833 0.107292
0 1.717250 0.883750 0.188500 0.107292
0 1.497667 0.883750 0.190833 0.107292
0 1.279333 0.883750 0.190833 0.107292
0 3.251750 0.766667 0.190833 0.108542
0 3.033333 0.766667 0.190833 0.108542
0 2.813833 0.766667 0.188500 0.108542
0 2.594250 0.766667 0.190833 0.108542
0 2.375833 0.766667 0.190833 0.108542
0 2.155167 0.766667 0.190833 0.108542
0 1.936750 0.766667 0.190833 0.108542
0 1.717250 0.766667 0.188500 0.108542
0 1.497667 0.766667 0.190833 0.108542
0 1.279333 0.766667 0.190833 0.108542
0 3.251750 0.217083 0.190833 0.107292
0 3.033333 0.217083 0.190833 0.107292
0 2.813833 0.217083 0.188500 0.107292
0 2.594250 0.217083 0.190833 0.107292
0 2.375833 0.217083 0.190833 0.107292
0 2.155167 0.217083 0.190833 0.107292
0 1.936750 0.217083 0.190833 0.107292
0 1.717250 0.217083 0.188500 0.107292
0 1.497667 0.217083 0.190833 0.107292
0 1.279333 0.217083 0.190833 0.107292
0 3.251750 0.097292 0.190833 0.108542
0 3.033333 0.097292 0.190833 0.108542
0 2.813833 0.097292 0.188500 0.108542
0 2.594250 0.097292 0.190833 0.108542
0 2.375833 0.097292 0.190833 0.108542
0 2.155167 0.097292 0.190833 0.108542
0 1.936750 0.097292 0.190833 0.108542
0 1.717250 0.097292 0.188500 0.108542
0 1.497667 0.097292 0.190833 0.108542
0 1.279333 0.097292 0.190833 0.108542
0 4.312667 -0.284375 0.188500 0.108542
0 4.108083 -0.284375 0.188500 0.108542
0 3.903417 -0.284375 0.188500 0.108542
0 3.698833 -0.284375 0.188500 0.108542
0 3.494250 -0.284375 0.188500 0.108542
0 3.288500 -0.284375 0.190833 0.108542
0 3.083917 -0.284375 0.190833 0.108542
0 2.879333 -0.284375 0.190833 0.108542
0 2.674750 -0.284375 0.190833 0.108542
0 2.470083 -0.284375 0.190833 0.108542
0 2.265500 -0.284375 0.190833 0.108542
0 2.060917 -0.284375 0.190833 0.108542
0 1.856333 -0.284375 0.190833 0.108542
0 1.651750 -0.284375 0.190833 0.108542
0 1.447167 -0.284375 0.190833 0.108542
0 1.242500 -0.284375 0.190833 0.108542
0 0.489667 -0.284375 0.979333 0.108542
1 -1.173583 1.316250 0.167833 0.190833
1 2.497667 1.315625 0.172417 0.192083
1 -2.048250 0.459375 0.629917 0.830000
2 -1.173583 1.317083 0.131000 0.179167
2 2.497667 1.315000 0.135667 0.180417
6 -0.142500 0.729375 0.091917 0.431458
6 -0.269000 0.729375 0.091917 0.431458
6 -0.395417 0.729375 0.091917 0.431458
6 -0.521833 0.729375 0.091917 0.431458
6 -0.648250 0.729375 0.091917 0.431458
6 -0.777000 0.729375 0.091917 0.431458
6 -0.903417 0.729375 0.091917 0.431458
6 -1.029917 0.729375 0.091917 0.431458
6 -1.156333 0.729375 0.091917 0.431458
6 -1.282750 0.729375 0.091917 0.431458
6 -1.410333 0.729375 0.094250 0.431458
6 -1.537917 0.729375 0.091917 0.431458
6 -0.142500 0.224792 0.091917 0.431458
6 -0.269000 0.224792 0.091917 0.431458
6 -0.395417 0.224792 0.091917 0.431458
6 -0.521833 0.224792 0.091917 0.431458
6 -0.648250 0.224792 0.091917 0.431458
6 -0.777000 0.224792 0.091917 0.431458
6 -0.903417 0.224792 0.091917 0.431458
6 -1.029917 0.224792 0.091917 0.431458
6 -1.156333 0.224792 0.091917 0.431458
6 -1.282750 0.224792 0.091917 0.431458
6 -1.410333 0.224792 0.094250 0.431458
6 -1.537917 0.224792 0.091917 0.431458
7 -1.285083 -0.271250 0.629917 0.108542
9 -2.019500 1.120833 0.034500 0.017083
9 -2.117250 1.126875 0.050583 0.039167
9 -1.989667 1.125417 0.062083 0.047083
9 -2.069000 1.130625 0.009167 0.057500
9 -2.093083 1.083750 0.066667 0.005208
9 -1.988500 1.076458 0.064333 0.019583
9 -2.205750 1.058125 0.094250 0.032708
9 -2.002333 1.049583 0.041417 0.023542
9 -1.906917 1.054167 0.043667 0.037917
9 -1.864333 1.059375 0.013833 0.053542
9 -2.113833 1.051042 0.052833 0.036667
9 -3.191917 0.412500 0.066667 0.014375
9 -3.164333 0.380417 0.020667 0.020833
9 -3.213833 0.380417 0.023000 0.020833
9 -3.039083 0.371250 0.050583 0.010417
9 -3.101167 0.371250 0.032167 0.010417
9 -3.296583 0.379792 0.050583 0.043125
9 -3.187333 0.351042 0.029917 0.009167
9 4.018417 0.502708 0.997667 0.916250
9 0.501167 0.500625 0.997667 0.998750
9 -2.116083 -0.137292 0.048250 0.026042
9 -1.997667 -0.127500 0.082750 0.056250
9 -2.069000 -0.126875 0.009167 0.057500
9 -2.093083 -0.173958 0.066667 0.005208
9 -2.205750 -0.180417 0.066667 0.018333
9 -1.988500 -0.181042 0.064333 0.019583
9 -1.909167 -0.205833 0.039083 0.032708
9 -2.085083 -0.218333 0.046000 0.010417
9 -2.101167 -0.209167 0.078167 0.028750
9 -2.006917 -0.209167 0.055167 0.031458
9 -1.864333 -0.199375 0.013833 0.053542
9 -2.205750 -0.213750 0.094250 0.030000
9 0.514917 -0.512500 0.059750 0.007917
9 0.603417 -0.516250 0.066667 0.018333
9 0.748250 -0.555000 0.039083 0.011667
9 0.700000 -0.555625 0.048250 0.010417
9 0.397667 -0.568542 0.027583 0.013125
9 0.602333 -0.571875 0.064333 0.017083
10 0.672417 1.315000 3.050583 0.010417
10 -2.048250 1.095417 0.639083 0.350417
10 -3.066667 0.392083 0.124167 0.049583
10 -3.286167 0.382292 0.085083 0.069375
10 -3.189667 0.382292 0.075833 0.071875
10 -2.048250 -0.162708 0.639083 0.351667
10 1.081583 0.459375 7.262083 1.721667
10 0.726417 -0.534583 0.124167 0.049583
10 0.405750 -0.544375 0.039083 0.069375
10 0.602333 -0.544375 0.078167 0.071875
10 0.508083 -0.545000 0.073583 0.070625