0 0.189833 0.998542 0.017083 0.103125
0 0.695083 0.996667 0.017417 0.103958
0 0.974083 0.862292 0.025917 0.062917
0 0.909167 0.862292 0.025917 0.062917
0 0.880250 0.862292 0.026250 0.062917
0 0.817250 0.862292 0.026250 0.062917
0 0.789083 0.862292 0.026250 0.062917
0 0.725500 0.862292 0.026250 0.062917
0 0.697167 0.862292 0.025917 0.062917
0 0.635750 0.862292 0.025917 0.062917
0 0.606833 0.862292 0.026250 0.062917
0 0.546167 0.862292 0.025917 0.062917
0 0.517250 0.862292 0.026250 0.062917
0 0.456500 0.862292 0.026250 0.062917
0 0.427667 0.862292 0.026250 0.062917
0 0.366917 0.862292 0.026250 0.062917
0 0.338000 0.862292 0.025917 0.062917
0 0.277333 0.862292 0.026250 0.062917
0 0.248417 0.862292 0.025917 0.062917
0 0.185583 0.862292 0.026250 0.062917
0 0.157250 0.862292 0.025917 0.062917
0 0.102083 0.862292 0.026250 0.062917
0 0.073750 0.862292 0.025917 0.062917
0 0.023250 0.862292 0.026250 0.062917
0 0.974083 0.790208 0.025917 0.062917
0 0.909167 0.790208 0.025917 0.062917
0 0.880250 0.790208 0.026250 0.062917
0 0.817250 0.790208 0.026250 0.062917
0 0.789083 0.790208 0.026250 0.062917
0 0.725500 0.790208 0.026250 0.062917
0 0.697167 0.790208 0.025917 0.062917
0 0.635750 0.790208 0.025917 0.062917
0 0.606833 0.790208 0.026250 0.062917
0 0.546167 0.790208 0.025917 0.062917
0 0.517250 0.790208 0.026250 0.062917
0 0.456500 0.790208 0.026250 0.062917
0 0.427667 0.790208 0.026250 0.062917
0 0.366917 0.790208 0.026250 0.062917
0 0.338000 0.790208 0.025917 0.062917
0 0.277333 0.790208 0.026250 0.062917
0 0.248417 0.790208 0.025917 0.062917
0 0.185583 0.790208 0.026250 0.062917
0 0.157250 0.790208 0.025917 0.062917
0 0.102083 0.790208 0.026250 0.062917
0 0.073750 0.790208 0.025917 0.062917
0 0.023250 0.790208 0.026250 0.062917
0 0.974083 0.717708 0.025917 0.062292
0 0.909167 0.717708 0.025917 0.062292
0 0.880250 0.717708 0.026250 0.062292
0 0.817250 0.717708 0.026250 0.062292
0 0.789083 0.717708 0.026250 0.062292
0 0.725500 0.717708 0.026250 0.062292
0 0.697167 0.717708 0.025917 0.062292
0 0.635750 0.717708 0.025917 0.062292
0 0.606833 0.717708 0.026250 0.062292
0 0.546167 0.717708 0.025917 0.062292
0 0.517250 0.717708 0.026250 0.062292
0 0.456500 0.717708 0.026250 0.062292
0 0.427667 0.717708 0.026250 0.062292
0 0.366917 0.717708 0.026250 0.062292
0 0.338000 0.717708 0.025917 0.062292
0 0.277333 0.717708 0.026250 0.062292
0 0.248417 0.717708 0.025917 0.062292
0 0.185583 0.717708 0.026250 0.062292
0 0.157250 0.717708 0.025917 0.062292
0 0.102083 0.717708 0.026250 0.062292
0 0.073750 0.717708 0.025917 0.062292
0 0.023250 0.717708 0.026250 0.062292
0 0.974083 0.645208 0.025917 0.062917
0 0.909167 0.645208 0.025917 0.062917
0 0.880250 0.645208 0.026250 0.062917
0 0.817250 0.645208 0.026250 0.062917
0 0.789083 0.645208 0.026250 0.062917
0 0.725500 0.645208 0.026250 0.062917
0 0.697167 0.645208 0.025917 0.062917
0 0.635750 0.645208 0.025917 0.062917
0 0.606833 0.645208 0.026250 0.062917
0 0.546167 0.645208 0.025917 0.062917
0 0.517250 0.645208 0.026250 0.062917
0 0.456500 0.645208 0.026250 0.062917
0 0.427667 0.645208 0.026250 0.062917
0 0.366917 0.645208 0.026250 0.062917
0 0.338000 0.645208 0.025917 0.062917
0 0.277333 0.645208 0.026250 0.062917
0 0.248417 0.645208 0.025917 0.062917
0 0.185583 0.645208 0.026250 0.062917
0 0.157250 0.645208 0.025917 0.062917
0 0.102083 0.645208 0.026250 0.062917
0 0.073750 0.645208 0.025917 0.062917
0 0.023250 0.645208 0.026250 0.062917
0 0.974083 0.573125 0.025917 0.062917
0 0.909167 0.573125 0.025917 0.062917
0 0.880250 0.573125 0.026250 0.062917
0 0.817250 0.573125 0.026250 0.062917
0 0.789083 0.573125 0.026250 0.062917
0 0.725500 0.573125 0.026250 0.062917
0 0.697167 0.573125 0.025917 0.062917
0 0.635750 0.573125 0.025917 0.062917
0 0.606833 0.573125 0.026250 0.062917
0 0.546167 0.573125 0.025917 0.062917
0 0.517250 0.573125 0.026250 0.062917
0 0.456500 0.573125 0.026250 0.062917
0 0.427667 0.573125 0.026250 0.062917
0 0.366917 0.573125 0.026250 0.062917
0 0.338000 0.573125 0.025917 0.062917
0 0.277333 0.573125 0.026250 0.062917
0 0.248417 0.573125 0.025917 0.062917
0 0.185583 0.573125 0.026250 0.062917
0 0.157250 0.573125 0.025917 0.062917
0 0.102083 0.573125 0.026250 0.062917
0 0.073750 0.573125 0.025917 0.062917
0 0.023250 0.573125 0.026250 0.062917
0 0.974083 0.500833 0.025917 0.062292
0 0.909167 0.500833 0.025917 0.062292
0 0.880250 0.500833 0.026250 0.062292
0 0.817250 0.500833 0.026250 0.062292
0 0.789083 0.500833 0.026250 0.062292
0 0.725500 0.500833 0.026250 0.062292
0 0.697167 0.500833 0.025917 0.062292
0 0.635750 0.500833 0.025917 0.062292
0 0.606833 0.500833 0.026250 0.062292
0 0.546167 0.500833 0.025917 0.062292
0 0.517250 0.500833 0.026250 0.062292
0 0.456500 0.500833 0.026250 0.062292
0 0.427667 0.500833 0.026250 0.062292
0 0.366917 0.500833 0.026250 0.062292
0 0.338000 0.500833 0.025917 0.062292
0 0.277333 0.500833 0.026250 0.062292
0 0.248417 0.500833 0.025917 0.062292
0 0.185583 0.500833 0.026250 0.062292
0 0.157250 0.500833 0.025917 0.062292
0 0.102083 0.500833 0.026250 0.062292
0 0.073750 0.500833 0.025917 0.062292
0 0.023250 0.500833 0.026250 0.062292
0 0.974083 0.428333 0.025917 0.062917
0 0.909167 0.428333 0.025917 0.062917
0 0.880250 0.428333 0.026250 0.062917
0 0.817250 0.428333 0.026250 0.062917
0 0.789083 0.428333 0.026250 0.062917
0 0.725500 0.428333 0.026250 0.062917
0 0.697167 0.428333 0.025917 0.062917
0 0.635750 0.428333 0.025917 0.062917
0 0.606833 0.428333 0.026250 0.062917
0 0.546167 0.428333 0.025917 0.062917
0 0.517250 0.428333 0.026250 0.062917
0 0.456500 0.428333 0.026250 0.062917
0 0.427667 0.428333 0.026250 0.062917
0 0.366917 0.428333 0.026250 0.062917
0 0.338000 0.428333 0.025917 0.062917
0 0.277333 0.428333 0.026250 0.062917
0 0.248417 0.428333 0.025917 0.062917
0 0.185583 0.428333 0.026250 0.062917
0 0.157250 0.428333 0.025917 0.062917
0 0.102083 0.428333 0.026250 0.062917
0 0.073750 0.428333 0.025917 0.062917
0 0.023250 0.428333 0.026250 0.062917
0 0.974083 0.355833 0.025917 0.062292
0 0.909167 0.355833 0.025917 0.062292
0 0.880250 0.355833 0.026250 0.062292
0 0.817250 0.355833 0.026250 0.062292
0 0.789083 0.355833 0.026250 0.062292
0 0.725500 0.355833 0.026250 0.062292
0 0.697167 0.355833 0.025917 0.062292
0 0.635750 0.355833 0.025917 0.062292
0 0.606833 0.355833 0.026250 0.062292
0 0.546167 0.355833 0.025917 0.062292
0 0.517250 0.355833 0.026250 0.062292
0 0.456500 0.355833 0.026250 0.062292
0 0.427667 0.355833 0.026250 0.062292
0 0.366917 0.355833 0.026250 0.062292
0 0.338000 0.355833 0.025917 0.062292
0 0.277333 0.355833 0.026250 0.062292
0 0.248417 0.355833 0.025917 0.062292
0 0.185583 0.355833 0.026250 0.062292
0 0.157250 0.355833 0.025917 0.062292
0 0.102083 0.355833 0.026250 0.062292
0 0.073750 0.355833 0.025917 0.062292
0 0.023250 0.355833 0.026250 0.062292
0 0.974083 0.283333 0.025917 0.062917
0 0.909167 0.283333 0.025917 0.062917
0 0.880250 0.283333 0.026250 0.062917
0 0.817250 0.283333 0.026250 0.062917
0 0.789083 0.283333 0.026250 0.062917
0 0.725500 0.283333 0.026250 0.062917
0 0.697167 0.283333 0.025917 0.062917
0 0.635750 0.283333 0.025917 0.062917
0 0.606833 0.283333 0.026250 0.062917
0 0.546167 0.283333 0.025917 0.062917
0 0.517250 0.283333 0.026250 0.062917
0 0.456500 0.283333 0.026250 0.062917
0 0.427667 0.283333 0.026250 0.062917
0 0.366917 0.283333 0.026250 0.062917
0 0.338000 0.283333 0.025917 0.062917
0 0.277333 0.283333 0.026250 0.062917
0 0.248417 0.283333 0.025917 0.062917
0 0.185583 0.283333 0.026250 0.062917
0 0.157250 0.283333 0.025917 0.062917
0 0.102083 0.283333 0.026250 0.062917
0 0.073750 0.283333 0.025917 0.062917
0 0.023250 0.283333 0.026250 0.062917
0 0.974083 0.211250 0.025917 0.062917
0 0.909167 0.211250 0.025917 0.062917
0 0.880250 0.211250 0.026250 0.062917
0 0.817250 0.211250 0.026250 0.062917
0 0.789083 0.211250 0.026250 0.062917
0 0.725500 0.211250 0.026250 0.062917
0 0.697167 0.211250 0.025917 0.062917
0 0.635750 0.211250 0.025917 0.062917
0 0.606833 0.211250 0.026250 0.062917
0 0.546167 0.211250 0.025917 0.062917
0 0.517250 0.211250 0.026250 0.062917
0 0.456500 0.211250 0.026250 0.062917
0 0.427667 0.211250 0.026250 0.062917
0 0.366917 0.211250 0.026250 0.062917
0 0.338000 0.211250 0.025917 0.062917
0 0.277333 0.211250 0.026250 0.062917
0 0.248417 0.211250 0.025917 0.062917
0 0.185583 0.211250 0.026250 0.062917
0 0.157250 0.211250 0.025917 0.062917
0 0.102083 0.211250 0.026250 0.062917
0 0.073750 0.211250 0.025917 0.062917
0 0.023250 0.211250 0.026250 0.062917
0 0.944167 0.046667 0.026250 0.062917
0 0.915833 0.046667 0.025917 0.062917
0 0.887667 0.046667 0.025917 0.062917
0 0.859500 0.046667 0.025917 0.062917
0 0.831333 0.046667 0.025917 0.062917
0 0.803000 0.046667 0.026250 0.062917
0 0.774833 0.046667 0.026250 0.062917
0 0.746667 0.046667 0.026250 0.062917
0 0.718500 0.046667 0.026250 0.062917
0 0.690333 0.046667 0.026250 0.062917
0 0.662167 0.046667 0.026250 0.062917
0 0.634000 0.046667 0.026250 0.062917
0 0.605833 0.046667 0.026250 0.062917
0 0.577667 0.046667 0.026250 0.062917
0 0.549500 0.046667 0.026250 0.062917
0 0.521333 0.046667 0.026250 0.062917
0 0.493167 0.046667 0.026250 0.062917
0 0.464833 0.046667 0.025917 0.062917
0 0.436750 0.046667 0.025917 0.062917
0 0.408583 0.046667 0.025917 0.062917
0 0.380417 0.046667 0.025917 0.062917
0 0.352083 0.046667 0.026250 0.062917
0 0.323917 0.046667 0.026250 0.062917
0 0.295750 0.046667 0.026250 0.062917
0 0.267583 0.046667 0.026250 0.062917
0 0.239417 0.046667 0.026250 0.062917
0 0.211250 0.046667 0.026250 0.062917
0 0.183083 0.046667 0.026250 0.062917
0 0.154917 0.046667 0.026250 0.062917
0 0.113000 0.046667 0.053833 0.062917
0 0.071083 0.046667 0.026250 0.062917
0 0.042917 0.046667 0.026250 0.062917
1 0.189750 0.997708 0.023083 0.110833
1 0.695083 0.997292 0.023750 0.111458
1 1.054250 -0.285625 0.051583 0.126667
2 0.189750 0.998125 0.018000 0.103958
2 0.695083 0.996875 0.018667 0.104792
9 -0.088167 0.473125 0.009167 0.008333
9 -0.084333 0.454375 0.002833 0.012083
9 -0.091167 0.454375 0.003167 0.012083
9 -0.067083 0.449167 0.007000 0.006042
9 -0.075667 0.449167 0.004417 0.006042
9 -0.102500 0.454167 0.007000 0.025000
9 -0.087500 0.437500 0.004083 0.005208
9 0.422167 -0.063750 0.008250 0.004583
9 0.434333 -0.066042 0.009167 0.010625
9 0.454250 -0.088333 0.005417 0.006875
9 0.447667 -0.088750 0.006667 0.006042
9 0.406000 -0.096458 0.003833 0.007500
9 0.434167 -0.098333 0.008833 0.009792
10 0.443833 0.996875 0.419917 0.006042
10 -0.070917 0.461250 0.017083 0.028750
10 -0.101083 0.455625 0.011750 0.040208
10 -0.087833 0.455625 0.010417 0.041667
10 0.500167 0.500417 0.999667 0.999167
10 0.451250 -0.076667 0.017083 0.028750
10 0.407083 -0.082292 0.005417 0.040208
10 0.434167 -0.082292 0.010750 0.041667
10 0.421167 -0.082708 0.010167 0.041042